9.035187055879134732e-04 -2.101171085526765125e-04 -1.325645745255954466e-03 1.289128223199080591e-03 -1.821615953306759614e-02 1.310642999993729907e+00
7.429419206808063336e-04 -3.432209489688808901e-04 -5.343841179916708484e-04 -5.911637879557680346e-04 -2.555924182446463883e-02 1.314623421273037218e+00
1.766381935727423524e-03 -1.795785060849652837e-04 1.323233687813729631e-03 2.283193767645550192e-03 -2.344677419481408856e-02 1.316388572200132057e+00
2.220986465903962426e-04 8.876762121179382348e-05 -2.776254625471707982e-04 1.628120654710199728e-03 -2.252267509018089295e-02 1.319274236822169044e+00
2.904059188093555122e-04 1.301805080187179442e-04 -8.262010214954429443e-04 2.165335396708119916e-03 -1.771331376028823304e-02 1.320605912823597183e+00
1.579397297156504010e-03 1.033726390700095976e-04 -1.053271385909937408e-03 4.030253729002000393e-03 -1.731308021665758229e-02 1.327108439330338285e+00
-3.191317514112945730e-04 -1.756800103303035598e-04 -8.895691250607740130e-04 1.198444805589100317e-03 -1.980706315985839017e-02 1.330138070867047606e+00
-5.547055228682928885e-04 -2.718048144441098657e-04 1.714552258844204147e-03 8.697503069639927976e-05 -2.172986639241560394e-02 1.330598800084659139e+00
-2.732344993476854000e-03 -1.119139872356456067e-04 2.650838168112290560e-03 1.260282865445010246e-04 -1.618242764811373205e-02 1.334602452210887913e+00
-3.445300929636907483e-03 3.364484751156027187e-04 9.413926102879166535e-04 -2.100334119676601236e-03 -1.224017692577291858e-02 1.337832582054677477e+00
-2.418885514532842507e-03 9.116212691839820081e-05 -1.459750505894419348e-04 -4.423213665472400767e-03 -1.687031476353827511e-02 1.338434080685794836e+00
-1.226898116390096050e-03 1.407365040435593073e-04 -7.068170847004395796e-04 -3.195192300291999944e-03 -1.972066638322943904e-02 1.350214714531247973e+00
2.197746679000189829e-03 4.019928760596869211e-04 -2.644071975903550253e-03 2.197682397478000014e-03 -1.746286351393950761e-02 1.351575129075581083e+00
3.892409324246060010e-03 2.170497834623752453e-04 -2.229821684389676761e-03 4.770618797735700321e-03 -1.971188570790264466e-02 1.352437308655136006e+00
2.739812633862470648e-03 -2.940306719949603576e-04 2.166569933742756859e-03 4.162547215010279494e-03 -2.157184947420629287e-02 1.351935704443147257e+00
1.480551680357322653e-03 -2.011216253903214124e-04 2.384604911766619040e-03 -9.112051902804996911e-04 -2.567666284581263461e-02 1.354525245085454799e+00
-2.270852936472778083e-03 6.505434561683287598e-04 1.516225429024409266e-03 -4.728694542216450858e-03 -2.834083354938044669e-02 1.364496994778914507e+00
-2.991816919230227967e-03 8.228666444738408359e-04 -1.298390185008990727e-03 -7.248246596392050184e-03 -2.173761198480448492e-02 1.366394985603331502e+00
-1.305868039868762764e-03 6.957748066476199256e-04 -6.193442583988684191e-03 -4.061411461593351230e-03 -2.087651017346990254e-02 1.376592359449709591e+00
2.491457958036846776e-03 4.271262359258898300e-04 -3.866729277746117077e-05 2.031768757109299935e-03 -2.583845567803533597e-02 1.371506429653864823e+00
4.291887341469902140e-03 -4.195786725453842791e-04 1.576965435444055430e-03 3.735594862458398602e-03 -3.031382420091751836e-02 1.374287712039514719e+00
5.992673295640571496e-04 1.985817262717404219e-05 2.570865187517146211e-03 4.845320017416018463e-04 -2.830945096275525041e-02 1.375304147504510466e+00
2.486357577309306066e-04 3.981996076731775247e-04 2.295055595003425708e-03 -2.474512389521991594e-04 -2.803656166237472255e-02 1.379686874433632804e+00
-3.312083340823779309e-03 7.740335202237602630e-04 4.150448449333765666e-04 -4.584084423491003105e-03 -2.451606209705798484e-02 1.385488022877151115e+00
-9.409496803729489045e-04 3.905100380112713765e-04 2.114919683779081794e-03 -2.981529188052890224e-03 -2.529919222006194596e-02 1.382524119268499385e+00
-8.935071905868952058e-04 -7.229309275036399640e-05 4.634597607307000544e-04 -3.154851136262010539e-03 -2.599817592279077272e-02 1.393127318420662064e+00
-7.321022181461245282e-05 -8.710303694403620511e-05 -2.303951081411348412e-03 -2.968449340377611254e-03 -2.596732194115388900e-02 1.397172115427516959e+00
-7.727939990855858809e-04 -4.212869202513402911e-04 -1.599194999748476675e-03 -1.792456418681008046e-03 -2.295592606683977480e-02 1.398042086694398334e+00
-2.702556643552789239e-03 -2.353314227931946334e-05 3.184922630712350156e-04 -2.318463425996208135e-03 -2.386718826380436476e-02 1.395670702972430899e+00
-2.536507144297317495e-03 1.391978474760691142e-04 1.820035952864174078e-04 -1.646510700244983860e-03 -1.933200008167869008e-02 1.402818504152674839e+00
-2.153737612578865424e-03 7.055766985342160069e-06 -5.110090424187418989e-04 -4.496104023748999194e-03 -2.624609274045460253e-02 1.406637303975988296e+00
-1.105558862507294293e-03 -2.694286172912896404e-04 -2.769412222090039677e-04 -2.030024305506611827e-03 -2.335177471869972696e-02 1.407581206645343919e+00
1.049809566740833588e-03 -4.279288276078929698e-04 4.151627276098857067e-04 1.070643776670601342e-03 -2.404018773484945318e-02 1.409632673150203797e+00
8.350156306367040315e-04 -6.867760531386046807e-04 6.294212071931148955e-04 1.379786734333296894e-03 -2.089876465588247009e-02 1.413070961783381208e+00
6.248141123705863720e-04 -9.640590719897090821e-04 -7.353125126572379600e-04 9.175281162319988805e-04 -2.085782802779882761e-02 1.415790762586789819e+00
-2.110516514419735756e-04 -1.007777483159166820e-03 -8.528033373531584971e-04 -1.438952577822805081e-03 -2.286896543004457785e-02 1.422590716027027469e+00
-6.382965971618581591e-04 -1.064166740087024721e-03 -2.537572382639297075e-04 -1.356851907145402046e-03 -2.278554589139788686e-02 1.422532855841671218e+00
1.015375062163315079e-05 -1.173120959700568733e-03 3.866101878045036244e-04 -7.889797080549964528e-04 -2.241295864174667335e-02 1.426109641050321786e+00
-2.413813848467505352e-04 -1.117300983518809687e-03 -1.272741879331462656e-03 8.608272364081061073e-05 -1.980570135512323138e-02 1.428841481634300248e+00
1.389171716540182899e-03 -8.057499334288564796e-04 -9.614582920516312470e-04 7.485149491149860768e-04 -2.423286848320265613e-02 1.427442532171869116e+00
1.493610951349921834e-03 -6.406852464166945538e-04 9.157197492326574206e-05 2.394833464046413566e-03 -2.421844595534253589e-02 1.431899172830561673e+00
2.281578295683317492e-03 -6.241236355517543188e-04 4.386838193966013932e-04 3.703159103696794345e-03 -2.439766656805393910e-02 1.428836588005367947e+00
1.346933340666822687e-03 -7.708013015950143654e-05 -4.374280706542776898e-04 4.957747171609212279e-03 -2.111726714733382776e-02 1.428098552798523935e+00
1.215102450006000367e-03 4.297458468260906272e-04 -6.377937553212476018e-04 4.649807349017117883e-03 -2.370671153213888688e-02 1.429465473308162204e+00
1.025652248397790345e-03 3.833890896549618788e-04 -6.298216136215728511e-04 3.771007817344704336e-03 -2.509487008028181768e-02 1.424691349389284989e+00
1.931652815591711203e-03 4.283399425011324979e-04 4.338653711206674757e-04 2.876624374886209683e-03 -2.890850772976570268e-02 1.423926232455199115e+00
1.499860505203898242e-03 4.773743300026112024e-04 8.500300434506335989e-04 4.710835934380310126e-03 -2.559272416377489714e-02 1.419798450612720364e+00
-7.802818039115422266e-05 6.455828198848045929e-04 5.726410621087474340e-04 2.465954220689997329e-03 -2.553711224521533485e-02 1.417464615737344724e+00
-1.737822364408447839e-03 8.067889719534093729e-04 -6.016478067660813167e-05 5.593103999787837465e-04 -2.368948958970145888e-02 1.413665901877803499e+00
-2.830933737870910960e-03 4.890058071467251466e-04 -1.332634159943779650e-03 -5.838561113038974806e-03 -2.912402002139033788e-02 1.412775598842544778e+00
-3.658298710046192781e-03 7.816490467118519803e-04 -1.309976702698278928e-03 -4.750574537566211626e-03 -2.691475311881865590e-02 1.413993980830717367e+00
-3.646402376942692314e-03 7.575699724453599515e-04 -5.522089563747556440e-04 -6.213496647521999337e-03 -2.741238174575451325e-02 1.409670777015719301e+00
-4.491927634532544289e-03 6.672606520812252029e-04 3.935827551733162011e-04 -6.102085085208001393e-03 -2.551252848299076156e-02 1.399964436161353465e+00
-3.065627346228172456e-03 7.198802598251674567e-04 4.837682922160801979e-04 -4.546509100205698567e-03 -2.454717648722321358e-02 1.402482422641801341e+00
-2.149096191950583545e-03 6.984960432090403515e-04 2.666456070774536613e-04 -7.260095158828991022e-03 -3.049998805069997765e-02 1.401918537152535116e+00
-2.719242313826697455e-04 3.365256264777904960e-04 -1.333734799811026051e-04 -3.026599709517008123e-03 -2.683511939864339016e-02 1.396183177328391478e+00
1.235588219167915724e-03 1.541515665799408907e-04 -1.658302146338996863e-04 -4.758702616920034443e-04 -2.633957933162232520e-02 1.394066910461362552e+00
1.167688069934058603e-03 -6.648344658266580609e-05 9.521274552288794268e-04 8.796419979549952419e-04 -2.505496863526008103e-02 1.390392683563982157e+00
7.467518762611646821e-04 -2.803618569213739420e-04 1.278850185646440707e-04 -1.623313307353985721e-03 -2.676269880110584976e-02 1.385409632714447614e+00
-4.474537391496724581e-05 -2.324072741322069646e-04 -2.693564365046086095e-04 -1.539068064480010514e-03 -2.534803510242651312e-02 1.386177470943302792e+00
4.548554838130769440e-04 -5.329038695172094720e-04 5.226464268974773120e-04 -5.949230977433998986e-03 -2.675238241148561458e-02 1.386360263698382944e+00
-3.550387985646885625e-04 -7.261786254062485568e-04 -3.539241616792310197e-04 -8.959620081940006600e-03 -2.491826221378096520e-02 1.381867485359105974e+00
3.805947079023042079e-04 -9.420327784059878695e-04 -7.034811605635127307e-04 -1.433448786251699351e-02 -2.874174790947658584e-02 1.384431556234062111e+00
2.124383019429743058e-03 -1.146285514341816025e-03 -1.046466894875308640e-03 -7.836297856958001837e-03 -2.545484675066003039e-02 1.378848393353641510e+00
2.141340000502367502e-03 -1.216448277236104047e-03 -7.043688098944400622e-04 -1.087215067029501624e-02 -2.729603068204771929e-02 1.377145528555887122e+00
1.988041198735857051e-03 -6.264281199865884275e-04 -1.604559058296928242e-04 -8.464905973481963442e-03 -2.567069389131842669e-02 1.368801418887126475e+00
1.291012390858270464e-03 -4.725211807432572186e-04 6.816967084946057298e-04 -1.203419668934401984e-02 -2.702378338053600462e-02 1.365951360855049312e+00
1.225378015519140718e-03 -2.768477131827040694e-04 5.212033013615169352e-04 -1.127865601851497403e-02 -2.568183742307046658e-02 1.362046545552862309e+00
-6.609590166259948774e-04 -1.346433072617614357e-04 3.819069589616752580e-04 -1.806272723401205343e-02 -2.728569631634652007e-02 1.357342803028542821e+00
1.996978735299137497e-04 1.207775387630505293e-04 6.916480180274575673e-04 -1.527487760123695873e-02 -2.654281372108546755e-02 1.353034634385666291e+00
-7.264966778635084665e-04 2.443469867898784287e-04 6.738999061668415891e-04 -1.450313140188500168e-02 -2.583562391074747944e-02 1.351615624521800063e+00
-1.598294501350849828e-03 3.686013333208393306e-04 -1.315258045879730275e-04 -1.650214228014001625e-02 -2.587813700308009071e-02 1.349683032034304286e+00
-4.631033627084946147e-04 2.400233702481990861e-04 -1.376970452985126769e-03 -8.794937967320021893e-03 -2.212018038116609492e-02 1.345145454283959152e+00
-1.298951038333662211e-03 1.571590069868733508e-04 -1.560729465240662250e-03 -1.574360269196696874e-02 -2.772929643705590932e-02 1.345047541932419488e+00
5.270442923510643141e-04 5.657362007838173668e-05 1.309239123079564138e-03 -1.247572029795301560e-02 -2.799907346903819996e-02 1.340399891646022912e+00
1.193399245646986628e-04 9.701246543292185720e-05 2.642168853220994151e-03 -1.376639375976595851e-02 -2.780774654483701008e-02 1.338530688180487038e+00
5.366823244621343747e-04 -3.953450273197489651e-05 1.177013334296983516e-03 -5.440562379528040421e-03 -2.064835555478284831e-02 1.336278734653235878e+00
2.132819315090017653e-03 1.383450598586577485e-04 -1.305468098591333614e-03 -1.415288606211202727e-02 -2.703059311548947075e-02 1.344521753578309164e+00
2.369687004199150238e-03 6.015362350257902335e-04 -2.113318902408067856e-03 -1.201534946648494077e-02 -2.644303760147597923e-02 1.341081604127310589e+00
1.582391777255942600e-03 9.142817279608195236e-04 -6.646144624209426865e-04 -1.934926410439201036e-02 -3.187415739531493375e-02 1.338119805431553511e+00
8.828292959544015162e-04 7.115869968914445565e-04 1.444966619066345714e-03 -1.821419236191403404e-02 -3.059263500994198817e-02 1.331887353671981966e+00
-1.907443924022977910e-03 6.680561675671548016e-04 2.403197516127608679e-03 -1.804972766387397121e-02 -2.916811039003021008e-02 1.328313740520071118e+00
-1.952223496267890823e-03 1.087717370525709271e-03 2.199607849613816057e-03 -7.756712534058025910e-03 -2.206969083948003008e-02 1.323569915078748105e+00
-3.037424573189895227e-03 1.414028188746030423e-03 2.234371757077191489e-04 -8.526486311016009609e-03 -2.019726630057197547e-02 1.331507199831827304e+00
-1.431311808966828636e-03 1.419224293547571847e-03 -2.178321680815997752e-03 -6.631892846627992014e-03 -1.810986935320596861e-02 1.332904828884356574e+00
-9.198845675095768115e-05 1.048437415755110180e-03 -2.444603386029697845e-03 -4.563154099019979537e-03 -1.933000723213271557e-02 1.334367790341312254e+00
9.987701892786304825e-04 7.758714234444852309e-04 -7.046518121871514495e-04 -3.251188140326988652e-03 -1.905491277455689109e-02 1.333836953867370223e+00
-5.052406251748742250e-04 1.025489981583582733e-03 7.474546377874702330e-04 -9.906378339574972713e-03 -2.649904914909110079e-02 1.343061097664734804e+00
-1.760210172042420140e-03 1.244462033516136046e-03 4.746017094854337870e-04 -2.235942376888002542e-02 -3.980446526903325122e-02 1.363645604186942473e+00
-2.027252983058058788e-03 1.144450496926019412e-03 3.745254135214537428e-04 -1.888544767773000718e-02 -3.361468639007183373e-02 1.355592473477666760e+00
-7.477060644358601849e-04 1.126749471028087868e-03 1.066962046098129946e-03 -1.778533901515007287e-02 -3.432022271652019479e-02 1.359101974302339588e+00
-1.089297589351723161e-03 1.095364126975084673e-03 5.622370741646953718e-04 -1.499047735519999300e-02 -2.849285653823982814e-02 1.353467544277808132e+00
8.402047379476584865e-04 9.104429664139601641e-04 2.592281380802141655e-04 -2.110445101324983849e-02 -4.158060319226593998e-02 1.355196859894689743e+00
5.208681040294038667e-04 7.619254370627714934e-04 -7.922663356509929145e-04 -1.673684140174004631e-02 -3.372181704571892980e-02 1.356962905872552305e+00
9.556705389694997166e-04 8.279542649431981260e-04 -1.527893262208479541e-03 -1.927051365904014490e-02 -3.733638796463039505e-02 1.357199215817104454e+00
9.970533540393233807e-04 3.180144894665559718e-04 -7.244036133435827196e-05 -1.379189450533977249e-02 -3.073741700943192351e-02 1.348542029658819530e+00
2.074042377229190492e-03 -2.790083396719822417e-05 -3.895584484903125144e-04 -1.402695502045014746e-02 -3.274871656681008908e-02 1.353832466833712278e+00
1.662680331032007075e-03 -3.289090078011369656e-04 -5.259498598286782567e-04 -1.780442859345991030e-02 -4.028893088655934734e-02 1.351441525970547008e+00
1.511254957186736192e-03 -5.408092167580313969e-04 3.644144635659429809e-04 -1.905433806086224979e-02 -4.121464823266369343e-02 1.352903074990797316e+00
1.589114474073838323e-03 -1.255314205603319522e-03 7.803934326577888214e-05 -1.569251519456965269e-02 -3.311633674481838374e-02 1.345791642712418357e+00
1.245133158462863321e-03 -1.075139749288744895e-03 -1.009357383249920304e-03 -1.582232611243529485e-02 -3.364176661341091584e-02 1.351590230607280674e+00
1.560399369093801170e-03 -1.022717293128749816e-03 -3.132247094388418418e-04 -1.393183255511471451e-02 -3.332915740640678137e-02 1.349984712854404689e+00
7.435560169195554181e-04 -1.301335641008094512e-03 8.863736995401438890e-05 -1.624938438187905829e-02 -3.995928651260476083e-02 1.350020977063801197e+00
2.599705215962089255e-04 -1.252859342342205196e-03 4.611944609971274645e-04 -1.427152372918600275e-02 -3.372682314560938172e-02 1.349076948397339937e+00
3.790084500181478688e-04 -1.040938280306491492e-03 4.990361071417481753e-04 -1.380788277891711012e-02 -3.164344722086712830e-02 1.347506957289011709e+00
1.638836765175177845e-03 -9.865220295073307000e-04 1.773590291563209576e-03 -1.237308147033352144e-02 -3.296707518400759235e-02 1.347728515005198080e+00
5.531774199456052088e-03 -1.130011891892213072e-03 1.437975135942348714e-03 -9.369166263404024239e-03 -3.455135333777378109e-02 1.343196191769748138e+00
6.786374282413021319e-03 -1.123971724231953573e-03 -2.823966001748168253e-03 -8.635112683191979027e-03 -3.738607632503518352e-02 1.352648281498699090e+00
7.633698317607517936e-03 -1.469327207411552649e-03 -9.564274383739856944e-04 -3.091047911920001730e-03 -3.122463310247576562e-02 1.349093890439004628e+00
3.322818718604736432e-03 -1.239471001231340352e-03 2.404157249592309142e-03 -8.056615555300027792e-03 -3.519590252495992388e-02 1.344944742089037915e+00
8.380957122255949798e-05 1.472723952140597703e-04 4.003022285599122654e-03 -1.011061734105999504e-02 -2.960648958500391656e-02 1.343538735705694043e+00
-3.545283512051078390e-03 8.235624064765190155e-04 1.781695722370635337e-03 -1.735658719602997668e-02 -3.320215053616432793e-02 1.345659642806890766e+00
-2.556800889190746773e-04 7.532678898094502529e-04 1.197845437506117605e-06 -8.574845882519999130e-03 -2.500352424010789457e-02 1.347091794048247859e+00
2.722051101367028991e-03 6.744302268053559146e-04 -3.136867231352979957e-03 -1.722864592410032654e-03 -2.463714936439712760e-02 1.348698730277919644e+00
5.446438075951576252e-03 5.507348678515100460e-04 -3.243792675865719843e-03 4.247372933759996534e-03 -2.417582498235190669e-02 1.350028914558053073e+00
4.154714861422270644e-03 1.010056490668986839e-05 -7.177520623429245461e-04 5.933238614760043619e-03 -2.691935911819106492e-02 1.348958110551041978e+00
1.795368380371087369e-03 -5.140558993232957619e-05 -3.723964394435341774e-04 3.670642459530042926e-03 -2.707760289764694212e-02 1.346634528852120871e+00
-1.553321475115776451e-03 8.282168681787993592e-04 -3.547969744523982172e-04 8.664662378799297109e-04 -3.066582386936991811e-02 1.350303723204553608e+00
-3.934674847381192109e-03 1.209598040517789741e-03 3.802065584075364768e-04 -4.934206710239934582e-03 -2.940829921817279466e-02 1.349681456518393663e+00
-3.422717553630771903e-03 8.765593539492577690e-04 2.418273538606019457e-03 -8.979566027300681054e-04 -3.191812662065213191e-02 1.350602908803442359e+00
-2.836189253067278315e-03 7.353233057743047141e-04 8.609931625778166620e-04 -7.763634481500281213e-04 -2.545355174666113704e-02 1.351186549179781426e+00
-2.011657119620924306e-03 4.269887236674207998e-04 -1.335623581969258566e-03 -9.230551530599314736e-04 -2.579677695432176440e-02 1.358311683574910944e+00
-1.638105158217939561e-03 -2.302727454406294783e-04 1.926828812197634022e-04 8.417045448008968634e-05 -2.918998195115209832e-02 1.360983588587368454e+00
-1.912561621526087663e-03 -5.334150855462738150e-04 2.409476340964999963e-03 -2.913743713720141904e-03 -2.700382644797790985e-02 1.360169036783576146e+00
-3.480079661868806795e-03 -5.541014296084334489e-04 2.906542845816151299e-03 -5.762713074910027003e-03 -2.677181248085915011e-02 1.359610376696145595e+00
-4.894048118307736672e-03 -2.119916714411473890e-04 1.307303832096096130e-03 1.951942912486013051e-02 -1.398865689968408627e-02 1.364497484500884372e+00
-4.595166150143992212e-03 3.049269283508238004e-04 -8.372453308389538051e-04 1.497513699635986094e-02 -2.158824222993595623e-02 1.368928980795995676e+00
-3.330039785969685084e-03 5.429776464920266221e-04 -2.471998680409370763e-03 1.768521720153100893e-03 -2.020764811665785171e-02 1.376427754968754469e+00
-3.634779967054413419e-04 1.324147139487585889e-04 -1.975672217711554879e-03 9.955177256234962885e-03 -2.003194818100482652e-02 1.379627067666794771e+00
2.853022101362512331e-03 -7.845499371130770783e-04 -1.347933007613377754e-03 9.120356667169983791e-03 -6.034688683354209882e-03 1.376689354551392519e+00
2.554084220729890831e-03 -1.678151113618575607e-03 1.377583004815718937e-04 1.094769347392011982e-02 -1.158680785947349343e-02 1.375570331516942080e+00
4.338999102717622236e-04 -2.090081732727622210e-03 4.095551367756744554e-03 1.762934628949926284e-03 -2.049201151701033480e-02 1.381288190933958049e+00
-1.050326804983292561e-03 -1.526779370101039035e-03 4.498948553040449383e-03 1.532594907755009802e-03 -1.762569487243523247e-02 1.379453932091438961e+00
-4.776565309631219947e-03 -6.057635898555346898e-04 9.170870892880600422e-04 -6.098372482574024485e-03 -1.637313641990978050e-02 1.388543751185420394e+00
-4.065349813672902712e-03 -1.240572707379428152e-04 -1.392616493179232862e-03 -4.728285786400976930e-03 -1.533046458250615120e-02 1.394263442343355530e+00
-1.710171588883202531e-03 2.753173271559106183e-04 -3.071495896686649019e-03 4.631301528310008582e-03 -1.403884899715540299e-02 1.395620000617344925e+00
-7.880218979074982144e-04 4.085028040350380252e-04 -2.175872792266275724e-03 5.171431089901989270e-03 -2.213501506460767779e-02 1.399484833225856706e+00
6.417809854584177742e-04 7.765144253735201119e-05 -8.147125558082279895e-04 -9.765581664420103312e-04 -2.774636531383991092e-02 1.401534753507996056e+00
1.494149234323671749e-03 -6.100907550621315067e-05 -7.803594738291508293e-04 1.003533547614005386e-03 -2.732285790692509306e-02 1.404512625056210551e+00
2.586994519326424324e-03 -1.353688554495136032e-05 -4.369233170073982819e-04 3.151928980563998076e-03 -2.917452482123080587e-02 1.407991870871194262e+00
2.663508155596794325e-03 3.762232178745605893e-04 -1.001669489930634427e-05 1.325801084811581735e-03 -3.175885985291086039e-02 1.408476269448397655e+00
2.996564405290946809e-03 3.322372788767680163e-04 -9.617060714006697708e-04 1.269183487287971592e-03 -3.412528300725171243e-02 1.418374939878537244e+00
4.071939187612727551e-03 4.115973295224506501e-04 -1.805395043613877704e-03 1.286245500550009958e-03 -3.276362327169514421e-02 1.419447505214040284e+00
3.436421725910854263e-03 2.261078465992660824e-04 -3.493057944226052314e-05 -3.917073880841973228e-03 -4.523711644345721622e-02 1.421543036863360143e+00
-1.852983022337273411e-03 1.819441716639502715e-04 4.224035422220939751e-03 -7.706171065119987035e-03 -3.984969299575692736e-02 1.420053310171966787e+00
-6.526211865116149369e-03 4.109624198949113349e-04 5.621584004529278644e-03 -1.887655713021999318e-02 -5.093486764970120428e-02 1.423093753574514508e+00
-9.341136360162760610e-03 1.158954346275997693e-03 5.202083062156859228e-04 -2.122662835686401142e-02 -3.470702183897188958e-02 1.433292457835156020e+00
-8.270433891095940737e-03 1.415367392040955963e-03 -4.215552157213586781e-03 -2.178930934580401366e-02 -3.092125994304567929e-02 1.437666017570486510e+00
-1.483131633336576272e-03 7.545617453210695658e-04 -2.398762361723427716e-03 -1.060744063453003191e-02 -2.125915058049617293e-02 1.437720523786103266e+00
2.035698617010694988e-03 -5.321398831688028963e-04 4.435411199743555244e-05 -4.702571861180054359e-03 -2.362806167124710879e-02 1.437899268155690802e+00
3.090902390692207291e-03 -1.166953311527940684e-03 -4.826763231946529231e-05 -3.433166167249872888e-03 -2.438256264790203062e-02 1.447905930130002350e+00
2.479064496171190513e-03 -1.124233721353284920e-03 7.764974554413939245e-05 -4.520399484022014774e-03 -2.209340265179477597e-02 1.449595747532814061e+00
-3.616400237071992763e-04 -5.127968195077770019e-04 8.794465166332976480e-04 -5.353936164578055289e-03 -2.325161750703241131e-02 1.455293992042315798e+00
-1.445187936546687979e-03 -1.075138600894476326e-04 -1.361601214551200201e-04 -8.756177988664968007e-03 -3.310881408285028943e-02 1.461716504210109679e+00
-1.252749234086802943e-03 -1.240430386015844988e-04 -9.777461240334517356e-04 -8.940928534367991593e-03 -3.156381803783699092e-02 1.460410274310300460e+00
5.882496624405320063e-04 -2.354919584952597233e-04 1.365644662163489897e-04 -7.604529430100009924e-03 -3.646408526397466182e-02 1.468882326641590019e+00
4.219158168758951888e-04 -3.921864712470579661e-04 1.403079885568203622e-03 -2.967585234690008761e-03 -3.184368075783423208e-02 1.472198736813136843e+00
7.504956001236351426e-04 -1.935515003794741062e-04 9.645862371510105504e-05 -1.046525739609972631e-03 -2.493820469965260522e-02 1.475138607170162208e+00
-3.522854235300520997e-04 -4.498290727288356550e-04 -3.424651067351902611e-04 -6.769434505163988286e-03 -2.826921688480499642e-02 1.480436399148195026e+00
-3.204817990409836170e-05 -3.420391756518981197e-04 5.485073678026530786e-04 -7.985465454250006284e-03 -3.034168787349877938e-02 1.477328991157509819e+00
-5.032945691629819862e-05 -1.978351846636527966e-04 2.716408904910316835e-04 -5.342045480742046992e-03 -3.089841440482235177e-02 1.486152339128315125e+00
-1.098583769674643662e-03 -3.461977208818467489e-04 -5.688438302087206466e-05 -5.123695374871960889e-03 -2.554953673951280632e-02 1.484151685357058881e+00
3.575877178505493248e-04 -3.409662744537911294e-04 4.068367110847681545e-04 -1.905958013321016947e-03 -2.588287929129354237e-02 1.489553389669487693e+00
-5.028700510081307584e-04 -2.646001681414489326e-04 -1.126341376327388843e-04 -1.405412105180021140e-03 -2.303159324552846166e-02 1.490259046633246154e+00
9.435892104470156028e-04 -1.060109986186219544e-04 -1.362410183372020356e-04 9.104204771200334785e-04 -2.768395605810842000e-02 1.491166428269615318e+00
1.254095351071349285e-03 1.131957647517722876e-04 6.361836444481738795e-04 6.256957979500034957e-04 -2.376516134068885899e-02 1.490953942455400805e+00
1.131498200734881721e-03 1.659310234645161586e-04 -3.512002169685501940e-04 2.593310020135965958e-03 -1.981473658139808192e-02 1.494360053974647551e+00
1.588715008088215086e-03 1.968250653980874176e-04 -7.499371756161110625e-04 2.321520877172997960e-03 -2.232044570565590996e-02 1.496758145226098069e+00
1.584405085353068898e-04 -1.018914075334720337e-05 -4.347174796279773545e-04 5.725401206100372200e-04 -2.613505836108471342e-02 1.495745681286489104e+00
-3.761293997626147245e-04 -8.387442845236847688e-05 1.586468113838890304e-04 -2.510896847542020815e-03 -3.087300162120496308e-02 1.501238819074755426e+00
-6.902023458259520794e-04 2.227150636611163748e-04 1.234358158486603685e-03 -1.799167722849010420e-03 -3.181056641733742696e-02 1.505645559149575208e+00
-1.272792396007638160e-03 5.268984690118827530e-04 -7.953345244144927051e-04 -3.266682145166999434e-03 -2.915722853819366703e-02 1.505380870864750698e+00
-3.161905153095112553e-04 6.359089873768652978e-04 -2.427151581132491742e-03 -2.358260248347974607e-03 -2.932212683358465313e-02 1.510454689788550242e+00
2.693306683605456442e-04 5.103922214448886052e-04 -3.871504037409323473e-04 -1.100726372270008878e-03 -3.061460102922988757e-02 1.510881833932391061e+00
-2.481254019834899793e-04 4.809824272262730460e-04 1.591785533383571760e-03 -2.474627062599975627e-03 -3.352851608662637400e-02 1.516065769598728297e+00
3.464985595336145252e-05 5.565338956343701682e-04 1.362641553297905261e-03 -1.176720704712034410e-03 -2.957450396184179570e-02 1.514719689682424875e+00
-1.030614313742184152e-03 3.066090333043725025e-04 -4.547500285614347604e-04 -1.744917333749981120e-03 -2.403747596975173637e-02 1.521151791955187349e+00
4.894855015677990195e-04 5.832160435259581277e-05 -9.408091485614278326e-04 1.644890219400242908e-04 -2.498191285714032595e-02 1.524648138410563902e+00
-8.040704827827482859e-05 -3.102689660301471974e-04 -7.383990618876623557e-04 -1.084901372051077758e-03 -2.529904660960289112e-02 1.520519507584702446e+00
-3.271988573176898285e-04 -2.271436840706186899e-04 -3.287239255866936105e-04 -1.887175506491992928e-03 -2.908047478314911352e-02 1.528196355208379043e+00
-1.465974811737602579e-03 4.061782793929324953e-05 -9.385381852311525108e-05 -1.153581158663966174e-03 -2.497372262017073102e-02 1.527690525339381988e+00
-9.798833834238074303e-04 2.044447370201929459e-04 -3.029672603283017907e-05 -1.004401835691989169e-03 -2.532608216122640352e-02 1.532888466300546426e+00
-6.004744797230010533e-04 -1.125940919184387212e-04 -2.309172387882085786e-05 -1.042040233640019161e-03 -2.362211499846382512e-02 1.531489347969446913e+00
1.577826518259328736e-03 8.873124985875335824e-06 -3.201025444212746152e-04 4.469763586600982819e-04 -2.744806626132637040e-02 1.534490219520532328e+00
1.496471785809916355e-03 -1.039048832223166130e-04 -9.045349358123289107e-04 2.015137470719219912e-04 -2.808426984230837781e-02 1.538180664729148273e+00
2.821977872184078251e-03 5.335388753247016780e-05 -1.019995926965222566e-03 2.508097566715968355e-03 -2.884717706948371554e-02 1.539061972960618307e+00
1.539983959698787430e-03 -3.172612309372269124e-04 7.788452173627113950e-04 1.817029483461980472e-03 -2.902162821296545153e-02 1.534834494964383511e+00
1.227530502839968563e-03 -2.766608634132694533e-04 1.413203021927600389e-03 1.673974153460095707e-03 -2.751941322187026126e-02 1.537855116782866682e+00
1.947738670383891701e-03 5.709544020398027442e-04 -1.809156384675603135e-03 2.979538961599465419e-04 -3.023397811512039748e-02 1.538184463269626434e+00
1.051692639586931932e-03 4.431476407953383045e-04 -2.527857915281650492e-03 -3.954476278051246262e-03 -3.627176367765547194e-02 1.545809668852843766e+00
1.946043735404856534e-03 1.301290802375731914e-04 1.003063605482967802e-03 -1.048409237900985082e-03 -4.792062341078438120e-02 1.540684257792295231e+00
8.479119011841618203e-04 2.882941559043672441e-04 1.536606403814033683e-03 -1.989747526998053313e-03 -4.247414315567790005e-02 1.539444754128864723e+00
-9.703568449808130936e-04 6.448821283164818396e-04 8.385810564792706145e-05 -5.113193759113989802e-03 -4.516431297811110412e-02 1.539285129497989901e+00
-1.473585283283895819e-03 1.084557968201949052e-03 -3.783991236723238671e-04 -5.853140280846032793e-03 -4.420932406085147787e-02 1.541288264131249530e+00
-1.696798487992090543e-03 9.602219112565535397e-04 4.202060370266380573e-04 -6.941430294689225448e-03 -4.791266400857562696e-02 1.546258544939485224e+00
-1.191122295318258750e-03 9.625713994809714791e-04 8.827826883717193596e-05 -7.072391282214063671e-03 -4.104194504351639516e-02 1.542193897178019135e+00
-7.554978424186842290e-04 7.914089673244362189e-04 3.607243023759920675e-04 -1.150039114065981929e-02 -5.573527231743377608e-02 1.546134277991786377e+00
-3.525896056930655220e-04 8.384301853672226912e-04 6.030394561156171562e-04 -7.266901615989933630e-03 -4.587013867647746906e-02 1.541606670559118708e+00
5.420642110678386416e-04 9.074567397693300563e-04 4.561530129789659327e-04 -8.732146402797322932e-03 -5.341681190913737109e-02 1.549814882614777733e+00
5.886311200642424524e-04 8.386741610557635340e-04 -1.659923497703275075e-04 -3.913793074819513045e-03 -3.920718793511424050e-02 1.550704343037807575e+00
9.073500469103379373e-04 7.439125962336312625e-04 -1.315802081649053434e-03 -3.384880760299338077e-03 -3.955733692747674668e-02 1.554014100311248425e+00
1.415876499036627933e-03 3.422306044029710392e-04 -4.243127568201998656e-04 -1.247576443521084032e-03 -3.523935931274139316e-02 1.550710711785879159e+00
6.762379893867631608e-04 6.259557482746203050e-05 2.354497486447115762e-03 -3.132648588652579835e-03 -4.013399630011599967e-02 1.544867571490969205e+00
9.446393592860147237e-04 -3.558999716499755550e-04 2.564332182303452612e-03 -3.992466822637041890e-03 -3.923553706712498701e-02 1.554548395909532976e+00
-3.170129047118663834e-04 -8.433957055036245265e-04 3.013690988900030732e-04 -4.956997896339907991e-03 -3.550330152465062256e-02 1.553828629491601943e+00
1.604359699214796819e-03 -7.073431881625680262e-04 -6.803450496448704143e-04 -4.185645831418742004e-03 -3.145108459524080524e-02 1.556828216701475975e+00
-9.548956482241521826e-05 -1.015247598562751818e-03 6.101736337877916583e-04 -3.879019193938946976e-03 -3.157522080047051038e-02 1.558999991440128019e+00
-2.673352937456741074e-04 -5.613844112599686298e-04 2.695773483307739582e-04 -4.300430627620225807e-03 -3.390732335462720570e-02 1.562512137463662798e+00
-4.284998000692041842e-05 -7.084638832637324413e-04 -5.092723822173184089e-04 -5.824507612909951559e-03 -3.532917243355827852e-02 1.569208302739921068e+00
4.437369198608820398e-04 -8.496444431740357572e-04 -3.102028496719810846e-04 -5.109319250919911772e-03 -3.706611884803070328e-02 1.571692938087263069e+00
6.418589235313021391e-04 -1.033650130385588284e-03 -7.813261363232015810e-04 5.862533021499789185e-05 -2.759600024019335379e-02 1.577992855144179307e+00
-1.591270821723167472e-03 -5.544685627212331269e-04 -1.565055128846637444e-03 -2.053706378271985544e-03 -3.070565794718249988e-02 1.586550446616339594e+00
-5.296505357228475930e-04 6.327542363822047378e-04 -5.722128495850853369e-04 -2.272885040272090880e-03 -3.312833615718323993e-02 1.584395226214824648e+00
-5.732705837400153825e-04 9.710161903315750465e-04 5.305895729570409003e-04 -2.054195239539072151e-03 -3.764110330349633438e-02 1.591877759166867357e+00
1.287564200707080886e-03 3.811794004899837773e-04 4.486438272603976429e-04 6.185967490162720857e-04 -3.169714928135767412e-02 1.596526419018040155e+00
1.724524200463761758e-03 1.748875901812496636e-04 8.701531308399346187e-04 1.562253310039839497e-03 -3.573832227792732297e-02 1.599151990159989323e+00
1.658854628859174341e-03 2.979031019254563262e-04 1.933416177517077728e-03 -1.759719686674636073e-03 -3.407352350981919520e-02 1.603060427326523874e+00
2.663092264434396839e-04 -1.179735509282409112e-07 9.855277160335518261e-04 -8.201481651620075655e-03 -4.071954870943649690e-02 1.607404279060040020e+00
-5.332268086699620824e-04 -2.124312473701817083e-03 9.039851048089353469e-04 -9.486734090507306649e-03 -3.587221267843852812e-02 1.614321601958578878e+00
-9.281691767406563542e-04 -2.145611444853035010e-03 -4.208607547422360540e-04 -1.262284618648401753e-02 -3.717521417800644101e-02 1.611545730653356046e+00
-1.747574410832175573e-03 -3.992142739339676893e-04 -3.154077112628606017e-03 -1.577444855628895234e-02 -3.732483354052344715e-02 1.623828050090726061e+00
1.222088676542831820e-03 5.080362375160518695e-04 -3.285013559072069711e-03 -6.568080948250941756e-03 -3.688608646437921412e-02 1.627128617048155368e+00
1.047125098430967682e-03 2.094067692972600980e-04 -8.444554923086045051e-04 -6.694195471934055210e-03 -4.530750952175202628e-02 1.628691098664776904e+00
1.432734267488910973e-03 2.758912637679244995e-04 1.311954808719484333e-03 -3.538876243489992753e-03 -4.088909763210332032e-02 1.628281831172033067e+00
7.699219811154733861e-04 3.400104830446615267e-04 -3.570559255905436657e-05 -5.020688998459954186e-03 -4.129050655447805140e-02 1.629724644152596102e+00
-1.255286174113301456e-04 2.000455564292735744e-04 -4.179018402217238304e-04 -4.421463590729969757e-03 -3.943180648508633895e-02 1.631529988550009413e+00
1.359177477127104794e-04 4.880666584341497582e-04 2.036353309873284445e-04 -5.717416209170117329e-03 -4.541391067318829161e-02 1.625696421885246545e+00
-1.441253931036445834e-03 4.796136553384400258e-04 6.063142734289428404e-04 -6.249430009044859742e-03 -4.201716794659956372e-02 1.628410002632297848e+00
-7.877166167640226035e-04 6.680756485799577149e-04 7.617819375047574226e-04 -6.981960004986187407e-03 -4.696620252133155288e-02 1.629323964411546477e+00
1.116124642349447527e-03 8.497612148472555305e-04 -1.794882605335779147e-03 -1.211592879565974142e-03 -3.763981413633681050e-02 1.626601648971728764e+00
8.917142140205669421e-04 1.345575374873675401e-04 -1.112718315338767638e-03 -1.238108212126971287e-03 -4.064061057688723305e-02 1.626539741778136650e+00
1.232364661335694223e-03 -3.113309635272010212e-04 1.458209687211109440e-03 -1.720146114392695057e-03 -3.586512003078862199e-02 1.618514404637973580e+00
-8.054731100761713947e-04 1.294976184196272584e-05 -1.027519623191253118e-04 -5.806497564180205899e-03 -4.459212928216705479e-02 1.619811437151982947e+00
-2.387060933564111309e-03 -1.111668290487699551e-04 1.357916030533257157e-03 -7.379635903839825740e-03 -4.076683890527980914e-02 1.613004120096631411e+00
-1.185988002507798456e-03 -7.446281824159406426e-04 4.313464381682230453e-03 -6.337253294745065317e-03 -4.308046294101420398e-02 1.607260257136894133e+00
-1.584702820568217874e-03 -8.711594893373586501e-04 -1.129670103409807780e-03 -5.949817263556017762e-03 -3.400196814472045137e-02 1.611522823693551265e+00
-5.498122652958237211e-04 -8.649835651217685495e-04 -3.426706571517001976e-03 -5.575144070590953849e-03 -3.540838464249455864e-02 1.607681130470170805e+00
-1.193802633149942949e-03 -1.058095571265571522e-03 -3.247371481054805997e-03 -3.835765776364025246e-03 -3.213555485191961492e-02 1.617465439881180078e+00
-4.847584546348038259e-04 -1.208083555273020693e-03 1.257228933202014787e-03 -2.817126511789249960e-03 -3.403619993716557046e-02 1.606467679733942555e+00
6.546167909613487268e-04 -1.819619613714351658e-03 2.038942492824435959e-03 -1.676556456023965387e-03 -2.875299582450705632e-02 1.599619672047280394e+00
9.951248462201078837e-04 -1.896767579002478499e-03 -1.564998822943586276e-03 1.514931029567899792e-04 -2.649299173747486635e-02 1.602874064351863304e+00
1.624366392411147331e-03 -9.984415551507197506e-04 -8.658671986818688993e-04 2.695131293097324159e-05 -3.463782508995685849e-02 1.599617983994813475e+00
2.768789816078864874e-04 -4.349504530587466888e-04 9.545302542850464533e-04 -4.019941397720304030e-04 -3.459292048126817731e-02 1.597996534909482680e+00
6.615387304318431916e-04 -2.191684064829502177e-04 9.006918955871690002e-04 -6.304533820281955393e-03 -3.976993325708939875e-02 1.594532139016159533e+00
6.526564431830195190e-05 -2.039226776240354866e-05 -5.721014267212609639e-05 -5.068963301429079728e-03 -3.532277349652642590e-02 1.598570594736580031e+00
4.940055524524922248e-04 3.025855895977258569e-05 1.754165539460394996e-04 -7.216700795227013951e-03 -4.029237721882156925e-02 1.591467627981070443e+00
6.479509903982716423e-04 -3.303666107745684144e-05 6.025298517347010829e-04 -5.628157916633854708e-03 -4.130524660164986567e-02 1.592867182498771461e+00
1.837358142395828509e-04 -1.278560793078753477e-04 6.610487111826657269e-04 -6.567898746595167599e-03 -4.055818453669316620e-02 1.590994932908659010e+00
4.967959555060019738e-04 7.415253969611512730e-05 -3.562184257548395294e-04 -6.565732526695905978e-03 -3.724513863803656510e-02 1.590723331605093493e+00
-4.319221404318618340e-04 7.009033672611408861e-05 1.002802440853045596e-03 -8.100838525619956376e-03 -3.806849337784048298e-02 1.591214145105916744e+00
1.518283608292314568e-03 6.368239757925664435e-05 1.224658354904928359e-03 -4.939901211392118234e-03 -3.735876079669538802e-02 1.585340610735791911e+00
1.357666074127905631e-03 1.255668457034175844e-04 -1.479871752261274764e-03 -4.914536012399889874e-03 -3.600818185904546692e-02 1.597785277251474900e+00
1.666960064605760294e-03 -1.219043128184438274e-04 -1.152272203775339676e-03 -8.707246383943963511e-03 -3.931728552024495171e-02 1.597140633469111171e+00
5.482082089223183630e-04 4.558124978437660957e-05 6.993999609559153896e-04 -6.785501678880130269e-03 -3.596625680279619958e-02 1.597294847136298435e+00
-1.115942261419533565e-03 3.677948566314093171e-04 8.764643775589497920e-04 -1.439211290939998965e-02 -4.168858636009428048e-02 1.605541018350294058e+00
-2.006130548703577432e-03 4.904660641686930944e-04 -1.253398380307579885e-03 -1.293889026891394990e-02 -3.571187520574481411e-02 1.588763122922318471e+00
-1.334179886090414158e-03 5.041533799241548763e-04 -2.956698834779558638e-04 -1.662801012750395740e-02 -4.471028658899767888e-02 1.640112930025294347e+00
-4.021425118909682794e-04 3.686801996773958479e-04 2.516547689359605045e-04 -1.214937726543603713e-02 -3.943054325603539967e-02 1.609887144962682148e+00
1.798554118304096505e-04 2.308105934742954446e-04 7.981025917058737207e-04 -1.216617337138604926e-02 -3.915560544524298442e-02 1.555791457218015594e+00
-1.617793004817791314e-04 2.806562535315748619e-04 2.463548929010350719e-04 -8.872334215799958582e-03 -3.420046908133714952e-02 1.606214762283450836e+00
-3.821768450777973669e-04 2.246332278192930687e-04 5.453127416421565954e-05 -6.537058922647989365e-03 -3.450439047187004588e-02 1.605618185045257551e+00
-1.152455760937698415e-03 3.122020689021454132e-04 -1.178104990344763792e-04 -7.016691218303009597e-03 -3.332639295741803009e-02 1.614218288940211909e+00
-1.291674225526673325e-03 3.275168036660502935e-04 -7.210979663447858456e-04 -8.970226632648008180e-03 -3.617230380159018599e-02 1.613113352360494135e+00
-1.152896209434484120e-03 2.665338968652619656e-04 6.152450588117197583e-04 -8.311080911713966679e-03 -3.773042909314115734e-02 1.620583580247820121e+00
-8.639980872136021617e-04 2.688270898714151258e-04 5.855432311920871769e-04 -8.282337262230007532e-03 -3.635380826726761216e-02 1.610404290002755090e+00
-7.464771463681074692e-04 3.261655301729504686e-04 -9.487793634388452801e-05 -7.862477334324810552e-03 -3.682343877137123078e-02 1.616624399872939932e+00
-1.245237829197609614e-03 2.536578102656505962e-04 -9.184431814617255441e-04 -6.746998769795024310e-03 -3.379343421025675365e-02 1.617917541762842193e+00
-1.125459007540463574e-03 3.906766447996368186e-04 -7.170217350651597599e-04 -5.886146584514009329e-03 -3.326850832774903843e-02 1.620185835406006136e+00
-6.611632723299010195e-04 3.886598769269333786e-04 6.672234141658073270e-04 -5.434656198517974143e-03 -3.337980774191997430e-02 1.629961779705070279e+00
-2.235202772249422765e-05 2.517652152964622303e-04 -1.447334475308537094e-04 -2.868490667930053296e-03 -3.601452768397241100e-02 1.621986100282116761e+00
