3.239154757466167212e-04 1.042629592120647430e-03 -6.246787961572408676e-04 2.836058847606182098e-04 -1.727114617824554443e-02 1.355530500411987305e+00
3.259389486629515886e-04 1.338393427431583405e-03 -6.196037866175174713e-04 5.106884054839611053e-04 -1.749487034976482391e-02 1.384456634521484375e+00
3.218469792045652866e-04 2.580722793936729431e-04 -6.472297827713191509e-04 -7.713213562965393066e-06 -1.729380711913108826e-02 1.348452687263488770e+00
3.183119406457990408e-04 6.935186684131622314e-05 -6.559769390150904655e-04 1.370636746287345886e-04 -1.736087724566459656e-02 1.360720157623291016e+00
3.274690534453839064e-04 1.795029267668724060e-03 -6.090119131840765476e-04 8.160597644746303558e-04 -1.735816523432731628e-02 1.381493330001831055e+00
3.239823563490062952e-04 8.280193433165550232e-04 -6.357274251058697701e-04 4.204520955681800842e-04 -1.720444113016128540e-02 1.353855848312377930e+00
3.319451934657990932e-04 1.663744449615478516e-03 -6.096583092585206032e-04 4.979558289051055908e-04 -1.739242300391197205e-02 1.371635675430297852e+00
2.973166992887854576e-04 -1.368890516459941864e-03 -7.084455573931336403e-04 3.967084921896457672e-04 -1.747241988778114319e-02 1.388861775398254395e+00
3.117735323030501604e-04 1.814356073737144470e-04 -6.574566941708326340e-04 5.540838465094566345e-04 -1.743875443935394287e-02 1.384996175765991211e+00
3.051127132494002581e-04 8.244626224040985107e-05 -6.690658046863973141e-04 2.338727936148643494e-04 -1.745193824172019958e-02 1.373517036437988281e+00
3.119930042885243893e-04 2.584047615528106689e-04 -6.604052032344043255e-04 -4.650843329727649689e-04 -1.718630269169807434e-02 1.320354938507080078e+00
3.030040534213185310e-04 -5.859853699803352356e-04 -6.831671926192939281e-04 1.390939578413963318e-04 -1.752516999840736389e-02 1.379005551338195801e+00
3.034223045688122511e-04 -7.732240483164787292e-04 -6.871770019643008709e-04 1.955851912498474121e-04 -1.766510121524333954e-02 1.394196033477783203e+00
3.095289866905659437e-04 -1.379204913973808289e-04 -6.671810988336801529e-04 1.133480109274387360e-04 -1.763301342725753784e-02 1.385476589202880859e+00
3.005597391165792942e-04 -4.185875877737998962e-04 -6.824615993537008762e-04 1.284116879105567932e-04 -1.782362908124923706e-02 1.407203674316406250e+00
3.074502747040241957e-04 -9.773271158337593079e-04 -6.859892746433615685e-04 -1.075686886906623840e-04 -1.768364384770393372e-02 1.384293437004089355e+00
2.997778938151896000e-04 -7.815537974238395691e-04 -6.882228190079331398e-04 5.131452344357967377e-04 -1.783446781337261200e-02 1.421381473541259766e+00
3.209286660421639681e-04 2.753864973783493042e-04 -6.491126259788870811e-04 -4.470441490411758423e-05 -1.760232076048851013e-02 1.370750546455383301e+00
3.288303269073367119e-04 7.703071460127830505e-04 -6.339012179523706436e-04 6.507290527224540710e-04 -1.758003421127796173e-02 1.395852565765380859e+00
3.258153737988322973e-04 1.152052544057369232e-03 -6.281597889028489590e-04 8.591278456151485443e-04 -1.783161424100399017e-02 1.424831509590148926e+00
3.391276695765554905e-04 2.510140649974346161e-03 -5.866996361874043941e-04 1.183289103209972382e-03 -1.775561645627021790e-02 1.433594942092895508e+00
3.334421780891716480e-04 1.696751452982425690e-03 -6.105945794843137264e-04 1.269284635782241821e-03 -1.768715493381023407e-02 1.441075086593627930e+00
3.301133401691913605e-04 1.624035649001598358e-03 -6.125463987700641155e-04 1.334651373326778412e-03 -1.777250505983829498e-02 1.453482866287231445e+00
3.213612944819033146e-04 1.550448127090930939e-03 -6.197866750881075859e-04 1.666033640503883362e-03 -1.779060065746307373e-02 1.476309537887573242e+00
3.343601711094379425e-04 2.450154162943363190e-03 -5.907658487558364868e-04 1.552519388496875763e-03 -1.771337166428565979e-02 1.456039547920227051e+00
3.242754610255360603e-04 1.328089274466037750e-03 -6.262604147195816040e-04 1.164276618510484695e-03 -1.776003092527389526e-02 1.439586997032165527e+00
3.286206629127264023e-04 1.766767352819442749e-03 -6.157730822451412678e-04 1.252549234777688980e-03 -1.781042478978633881e-02 1.444677829742431641e+00
3.414436650928109884e-04 2.675701864063739777e-03 -5.855091731064021587e-04 1.358030829578638077e-03 -1.751041971147060394e-02 1.425920248031616211e+00
3.448760544415563345e-04 3.560974262654781342e-03 -5.584434256888926029e-04 1.660966314375400543e-03 -1.770849712193012238e-02 1.453044176101684570e+00
3.465640184003859758e-04 3.440005704760551453e-03 -5.624767509289085865e-04 1.538055483251810074e-03 -1.765863597393035889e-02 1.439954757690429688e+00
3.252600727137178183e-04 1.723708584904670715e-03 -6.181026692502200603e-04 1.589130610227584839e-03 -1.778176613152027130e-02 1.464639306068420410e+00
3.421019064262509346e-04 3.127508796751499176e-03 -5.732239224016666412e-04 1.643123105168342590e-03 -1.773807406425476074e-02 1.455136537551879883e+00
3.344243741594254971e-04 2.354435622692108154e-03 -5.965042510069906712e-04 1.725323032587766647e-03 -1.786363124847412109e-02 1.475178480148315430e+00
3.188500995747745037e-04 1.446862705051898956e-03 -6.294805789366364479e-04 1.819418743252754211e-03 -1.805957779288291931e-02 1.501500606536865234e+00
3.120956826023757458e-04 6.387298926711082458e-04 -6.518365698866546154e-04 1.374350395053625107e-03 -1.799362711608409882e-02 1.472359657287597656e+00
3.125734801869839430e-04 3.245687112212181091e-04 -6.603903602808713913e-04 1.586817204952239990e-03 -1.790568977594375610e-02 1.482571363449096680e+00
3.205512475688010454e-04 9.054243564605712891e-04 -6.432095542550086975e-04 1.471810974180698395e-03 -1.767148450016975403e-02 1.455374956130981445e+00
3.058362926822155714e-04 -2.069948241114616394e-04 -6.726326537318527699e-04 1.530435867607593536e-03 -1.791744492948055267e-02 1.484138250350952148e+00
3.082262701354920864e-04 7.962416857481002808e-04 -6.510682869702577591e-04 1.501562073826789856e-03 -1.802091673016548157e-02 1.484137296676635742e+00
3.011234803125262260e-04 -6.469963118433952332e-04 -6.865786272101104259e-04 1.292218454182147980e-03 -1.786332763731479645e-02 1.467798829078674316e+00
3.195808385498821735e-04 7.674517109990119934e-04 -6.470550433732569218e-04 1.292650587856769562e-03 -1.783788949251174927e-02 1.456424832344055176e+00
3.280583187006413937e-04 5.495641380548477173e-04 -6.420708959922194481e-04 1.218746416270732880e-03 -1.760591380298137665e-02 1.435990571975708008e+00
3.260684898123145103e-04 1.111947931349277496e-03 -6.316843791864812374e-04 1.257483847439289093e-03 -1.778344810009002686e-02 1.448655128479003906e+00
3.243514511268585920e-04 8.709086105227470398e-04 -6.411772919818758965e-04 1.249997410923242569e-03 -1.774921268224716187e-02 1.446541547775268555e+00
3.308298473712056875e-04 1.497088931500911713e-03 -6.238485220819711685e-04 9.339721873402595520e-04 -1.749540492892265320e-02 1.400321483612060547e+00
3.361769777256995440e-04 2.000811509788036346e-03 -6.093220436014235020e-04 1.243309117853641510e-03 -1.767215132713317871e-02 1.430055022239685059e+00
3.395753446966409683e-04 1.977736130356788635e-03 -6.077848956920206547e-04 1.037894748151302338e-03 -1.768949627876281738e-02 1.415492534637451172e+00
3.419019049033522606e-04 1.872987486422061920e-03 -6.102130282670259476e-04 1.166026573628187180e-03 -1.764786988496780396e-02 1.423501968383789062e+00
3.377813845872879028e-04 7.196543738245964050e-04 -6.342890555970370770e-04 7.645823061466217041e-04 -1.745419576764106750e-02 1.389175653457641602e+00
3.240760415792465210e-04 2.476200461387634277e-04 -6.507780053652822971e-04 9.339926764369010925e-04 -1.765919849276542664e-02 1.419939041137695312e+00
3.233319148421287537e-04 -2.371147274971008301e-05 -6.570377736352384090e-04 1.263344194740056992e-03 -1.763627491891384125e-02 1.441326498985290527e+00
3.268014406785368919e-04 -6.842995062470436096e-04 -6.695974734611809254e-04 1.070625614374876022e-03 -1.743895560503005981e-02 1.418100595474243164e+00
3.301326651126146317e-04 -5.349190905690193176e-04 -6.637881742790341377e-04 1.172348856925964355e-03 -1.742657832801342010e-02 1.423488259315490723e+00
3.331647021695971489e-04 3.255372866988182068e-04 -6.423526210710406303e-04 1.263706944882869720e-03 -1.736292056739330292e-02 1.419282436370849609e+00
3.309683525003492832e-04 1.818966120481491089e-04 -6.468437495641410351e-04 1.168365590274333954e-03 -1.742992922663688660e-02 1.418329238891601562e+00
3.329528262838721275e-04 4.052678123116493225e-04 -6.392476498149335384e-04 1.089097000658512115e-03 -1.751060038805007935e-02 1.417549610137939453e+00
3.354661166667938232e-04 9.050341323018074036e-04 -6.251698359847068787e-04 1.122010871767997742e-03 -1.744548231363296509e-02 1.413362026214599609e+00
3.389905032236129045e-04 1.107073388993740082e-03 -6.186734535731375217e-04 1.319189555943012238e-03 -1.747915521264076233e-02 1.427966713905334473e+00
3.448951174505054951e-04 6.850017234683036804e-04 -6.243643001653254032e-04 1.195759978145360947e-03 -1.730928197503089905e-02 1.410198926925659180e+00
3.359644906595349312e-04 -3.431243821978569031e-04 -6.524478085339069366e-04 1.131951343268156052e-03 -1.736035756766796112e-02 1.415473699569702148e+00
3.281526733189821243e-04 -6.410544738173484802e-04 -6.634460296481847763e-04 1.100241206586360931e-03 -1.734125241637229919e-02 1.415966629981994629e+00
3.218011988792568445e-04 -1.741240732371807098e-03 -6.890140357427299023e-04 8.485587313771247864e-04 -1.730303093791007996e-02 1.403077960014343262e+00
3.143153735436499119e-04 -2.349701710045337677e-03 -7.070463034324347973e-04 9.833741933107376099e-04 -1.750057935714721680e-02 1.430381774902343750e+00
3.137365274596959352e-04 -2.271118573844432831e-03 -7.043845835141837597e-04 8.546318858861923218e-04 -1.729080826044082642e-02 1.405895233154296875e+00
3.233944880776107311e-04 -1.407277770340442657e-03 -6.818444817326962948e-04 9.393380023539066315e-04 -1.725492812693119049e-02 1.404111027717590332e+00
3.208898415323346853e-04 -1.260126940906047821e-03 -6.809916812926530838e-04 1.228656154125928879e-03 -1.732017099857330322e-02 1.429986357688903809e+00
3.300331009086221457e-04 -8.152769878506660461e-04 -6.663142703473567963e-04 1.038700807839632034e-03 -1.721449568867683411e-02 1.405025243759155273e+00
3.255921765230596066e-04 -1.120316796004772186e-03 -6.782079581171274185e-04 1.111845485866069794e-03 -1.723089441657066345e-02 1.412538647651672363e+00
3.310233878437429667e-04 -7.663732394576072693e-04 -6.656055920757353306e-04 1.051773317158222198e-03 -1.711890473961830139e-02 1.395481824874877930e+00
3.244553809054195881e-04 -8.317595347762107849e-04 -6.740732351318001747e-04 9.221071377396583557e-04 -1.723060756921768188e-02 1.395668745040893555e+00
3.248630673624575138e-04 -6.343564018607139587e-04 -6.697050994262099266e-04 1.148421783000230789e-03 -1.730101555585861206e-02 1.415630817413330078e+00
3.302766417618840933e-04 -1.415433362126350403e-04 -6.530220853164792061e-04 1.192880794405937195e-03 -1.719411276280879974e-02 1.407553672790527344e+00
3.293495683465152979e-04 3.962498158216476440e-04 -6.445113685913383961e-04 1.455124933272600174e-03 -1.724925264716148376e-02 1.422986745834350586e+00
3.301630786154419184e-04 -2.600224688649177551e-04 -6.594325532205402851e-04 1.070408616214990616e-03 -1.706455275416374207e-02 1.387081623077392578e+00
3.291089669801294804e-04 1.938063651323318481e-04 -6.508756778202950954e-04 1.173182856291532516e-03 -1.722063124179840088e-02 1.403252363204956055e+00
3.290723252575844526e-04 1.094797626137733459e-04 -6.506555364467203617e-04 9.740339592099189758e-04 -1.705892197787761688e-02 1.379190921783447266e+00
3.279753727838397026e-04 3.005778416991233826e-04 -6.476028938777744770e-04 1.065013464540243149e-03 -1.713393256068229675e-02 1.391402482986450195e+00
3.196240868419408798e-04 -4.738485440611839294e-04 -6.694996263831853867e-04 1.242980360984802246e-03 -1.724770292639732361e-02 1.416440010070800781e+00
3.338340902701020241e-04 1.416027545928955078e-03 -6.181130884215235710e-04 1.445032656192779541e-03 -1.716243289411067963e-02 1.411499500274658203e+00
3.388531913515180349e-04 1.171372830867767334e-03 -6.220342474989593029e-04 1.245578750967979431e-03 -1.713397540152072906e-02 1.396013975143432617e+00
3.357788664288818836e-04 4.369076341390609741e-04 -6.411235081031918526e-04 1.056546811014413834e-03 -1.697702705860137939e-02 1.376319408416748047e+00
3.293642657808959484e-04 2.541067078709602356e-04 -6.491480744443833828e-04 1.028223894536495209e-03 -1.721984706819057465e-02 1.393398284912109375e+00
3.196142206434160471e-04 -1.947404816746711731e-04 -6.670228322036564350e-04 1.088095828890800476e-03 -1.728167198598384857e-02 1.404539227485656738e+00
3.204107051715254784e-04 -6.155585870146751404e-04 -6.760333199054002762e-04 9.277523495256900787e-04 -1.718951202929019928e-02 1.389984846115112305e+00
3.103880153503268957e-04 -1.913951709866523743e-04 -6.754969945177435875e-04 1.246724743396043777e-03 -1.740997098386287689e-02 1.422979116439819336e+00
3.030624066013842821e-04 -8.054962381720542908e-04 -6.940939929336309433e-04 1.221562735736370087e-03 -1.740313321352005005e-02 1.425691366195678711e+00
3.029480285476893187e-04 -1.035383902490139008e-03 -7.029227563180029392e-04 8.311076089739799500e-04 -1.751927658915519714e-02 1.407929658889770508e+00
3.288014850113540888e-04 7.034027948975563049e-04 -6.459790165536105633e-04 8.073430508375167847e-04 -1.707521453499794006e-02 1.363901376724243164e+00
3.294184862170368433e-04 4.431987181305885315e-04 -6.471581291407346725e-04 9.949868544936180115e-04 -1.714982464909553528e-02 1.383906841278076172e+00
3.217961348127573729e-04 7.927482947707176208e-04 -6.459570722654461861e-04 1.513702329248189926e-03 -1.754394918680191040e-02 1.445540904998779297e+00
3.313888737466186285e-04 1.149462535977363586e-03 -6.316860090009868145e-04 1.203420106321573257e-03 -1.723001152276992798e-02 1.399678230285644531e+00
3.061595489270985126e-04 -7.866043597459793091e-05 -6.793820648454129696e-04 1.238096971064805984e-03 -1.752488687634468079e-02 1.427981019020080566e+00
3.112319973297417164e-04 3.365166485309600830e-04 -6.641175132244825363e-04 1.196746248751878738e-03 -1.745755970478057861e-02 1.419668197631835938e+00
3.158866311423480511e-04 6.988365203142166138e-04 -6.520161987282335758e-04 1.126955728977918625e-03 -1.754328235983848572e-02 1.418823957443237305e+00
3.129859105683863163e-04 9.027402848005294800e-05 -6.647701375186443329e-04 1.532845199108123779e-03 -1.751035451889038086e-02 1.450090289115905762e+00
3.126299416180700064e-04 -2.787234261631965637e-04 -6.689216825179755688e-04 1.233482733368873596e-03 -1.757158339023590088e-02 1.436454415321350098e+00
3.069874946959316730e-04 -4.702424630522727966e-04 -6.767390295863151550e-04 1.349983736872673035e-03 -1.767383515834808350e-02 1.454193353652954102e+00
3.212169685866683722e-04 3.249570727348327637e-05 -6.566436495631933212e-04 1.327477395534515381e-03 -1.739157736301422119e-02 1.428538203239440918e+00
3.245924599468708038e-04 2.339761704206466675e-05 -6.531560793519020081e-04 1.250973902642726898e-03 -1.742452755570411682e-02 1.426706314086914062e+00
3.166540409438312054e-04 -5.859425291419029236e-04 -6.710512097924947739e-04 1.298897434026002884e-03 -1.738763600587844849e-02 1.433866977691650391e+00
3.151649434585124254e-04 -4.292717203497886658e-04 -6.727326544933021069e-04 1.210787799209356308e-03 -1.742400787770748138e-02 1.425584554672241211e+00
3.155043814331293106e-04 -8.066268637776374817e-04 -6.800945848226547241e-04 1.410994213074445724e-03 -1.740914583206176758e-02 1.440475940704345703e+00
3.237066557630896568e-04 9.042676538228988647e-05 -6.523608462885022163e-04 1.469641923904418945e-03 -1.735670678317546844e-02 1.438500881195068359e+00
3.185954410582780838e-04 2.366397529840469360e-04 -6.528492667712271214e-04 1.365989446640014648e-03 -1.746959239244461060e-02 1.436098814010620117e+00
3.320667892694473267e-04 3.934204578399658203e-04 -6.387253524735569954e-04 1.039160415530204773e-03 -1.717412844300270081e-02 1.391983509063720703e+00
3.355051157996058464e-04 1.610861159861087799e-03 -6.093294941820204258e-04 1.396057195961475372e-03 -1.744011417031288147e-02 1.427901983261108398e+00
3.328241582494229078e-04 1.126570627093315125e-03 -6.194167654030025005e-04 1.340252812951803207e-03 -1.745068095624446869e-02 1.427841663360595703e+00
3.381005080882459879e-04 1.575645990669727325e-03 -6.059067090973258018e-04 1.511743292212486267e-03 -1.735376194119453430e-02 1.431707382202148438e+00
3.421643341425806284e-04 2.204209566116333008e-03 -5.896775401197373867e-04 1.833758782595396042e-03 -1.744757033884525299e-02 1.457577228546142578e+00
3.428177442401647568e-04 1.551093533635139465e-03 -6.033201934769749641e-04 1.591555774211883545e-03 -1.741085946559906006e-02 1.439814567565917969e+00
3.536968433763831854e-04 3.126839175820350647e-03 -5.610764492303133011e-04 1.856828108429908752e-03 -1.748917810618877411e-02 1.454134464263916016e+00
3.518306766636669636e-04 2.462967298924922943e-03 -5.784791428595781326e-04 1.479759346693754196e-03 -1.738311722874641418e-02 1.425722360610961914e+00
3.487381036393344402e-04 1.833354122936725616e-03 -5.947209428995847702e-04 1.087105367332696915e-03 -1.733599975705146790e-02 1.395629167556762695e+00
3.491820825729519129e-04 1.580134034156799316e-03 -6.010167417116463184e-04 8.416296914219856262e-04 -1.726677082479000092e-02 1.376384377479553223e+00
3.609388950280845165e-04 1.424363814294338226e-03 -5.983077571727335453e-04 5.626683123409748077e-04 -1.700264960527420044e-02 1.338849306106567383e+00
3.556674928404390812e-04 8.671460673213005066e-04 -6.138763274066150188e-04 9.664506651461124420e-04 -1.713172346353530884e-02 1.382045507431030273e+00
3.440375148784369230e-04 2.516843378543853760e-04 -6.335900397971272469e-04 7.524248212575912476e-04 -1.730039343237876892e-02 1.382295966148376465e+00
3.356912347953766584e-04 -1.474721357226371765e-04 -6.470237858593463898e-04 7.963851094245910645e-04 -1.740652881562709808e-02 1.395414590835571289e+00
3.317880327813327312e-04 -1.142499037086963654e-03 -6.703144754283130169e-04 4.325890913605690002e-04 -1.730964332818984985e-02 1.368613004684448242e+00
3.340660186950117350e-04 -1.405439339578151703e-03 -6.691049202345311642e-04 5.574892275035381317e-04 -1.719422638416290283e-02 1.375157356262207031e+00
3.259557997807860374e-04 -2.808698453009128571e-03 -7.005697698332369328e-04 3.983415663242340088e-04 -1.728249713778495789e-02 1.377762794494628906e+00
3.215536125935614109e-04 -2.237121574580669403e-03 -6.950836395844817162e-04 4.439898766577243805e-04 -1.730830222368240356e-02 1.376650571823120117e+00
3.271967289038002491e-04 -2.430093474686145782e-03 -6.998922908678650856e-04 5.049309693276882172e-04 -1.737858355045318604e-02 1.386697053909301758e+00
3.341909614391624928e-04 -2.263228408992290497e-03 -6.865501054562628269e-04 6.004585884511470795e-04 -1.716198772192001343e-02 1.379610657691955566e+00
3.240082296542823315e-04 -2.790530212223529816e-03 -7.040700293146073818e-04 8.391751907765865326e-04 -1.746468245983123779e-02 1.422073125839233398e+00
3.312620392534881830e-04 -1.741305924952030182e-03 -6.772864144295454025e-04 8.038021624088287354e-04 -1.729409024119377136e-02 1.399538516998291016e+00
3.193065931554883718e-04 -2.556526102125644684e-03 -6.983069470152258873e-04 7.728710770606994629e-04 -1.720008999109268188e-02 1.395128607749938965e+00
3.232103190384805202e-04 -4.126457497477531433e-04 -6.542916526086628437e-04 1.432821154594421387e-03 -1.759923622012138367e-02 1.456076145172119141e+00
3.155047888867557049e-04 -9.084986522793769836e-04 -6.720551173202693462e-04 1.569951884448528290e-03 -1.764624193310737610e-02 1.472236633300781250e+00
3.124835202470421791e-04 -2.598379738628864288e-03 -7.100923103280365467e-04 1.057957299053668976e-03 -1.760927028954029083e-02 1.445495963096618652e+00
3.178635961376130581e-04 -2.002722583711147308e-03 -6.944081978872418404e-04 9.403610602021217346e-04 -1.742770150303840637e-02 1.420537233352661133e+00
3.159817133564502001e-04 -2.720466814935207367e-03 -7.132422178983688354e-04 7.344987243413925171e-04 -1.755183562636375427e-02 1.418013095855712891e+00
3.089329111389815807e-04 -2.390298061072826385e-03 -7.097274065017700195e-04 8.753328584134578705e-04 -1.767107658088207245e-02 1.433462500572204590e+00
3.140847547911107540e-04 -2.114507369697093964e-03 -6.978965830057859421e-04 6.396225653588771820e-04 -1.738420128822326660e-02 1.394888162612915039e+00
3.241861413698643446e-04 -1.709072850644588470e-03 -6.838046247139573097e-04 7.219132967293262482e-04 -1.734121516346931458e-02 1.394256353378295898e+00
3.190262068528681993e-04 -1.304446719586849213e-03 -6.797725218348205090e-04 9.237397462129592896e-04 -1.743276044726371765e-02 1.412722587585449219e+00
3.185374953318387270e-04 -7.609883323311805725e-04 -6.689915317110717297e-04 1.200853846967220306e-03 -1.749080978333950043e-02 1.432456970214843750e+00
3.250154550187289715e-04 -3.994535654783248901e-04 -6.577113526873290539e-04 1.065843738615512848e-03 -1.736905984580516815e-02 1.413269042968750000e+00
3.341181436553597450e-04 7.843300700187683105e-04 -6.267451681196689606e-04 1.157108228653669357e-03 -1.717017777264118195e-02 1.398124337196350098e+00
3.233525785617530346e-04 1.472877338528633118e-04 -6.481125019490718842e-04 1.393152866512537003e-03 -1.746308431029319763e-02 1.438121438026428223e+00
3.327388549223542213e-04 1.192659139633178711e-03 -6.212738226167857647e-04 1.240641809999942780e-03 -1.733453758060932159e-02 1.412382364273071289e+00
3.250715672038495541e-04 8.244095370173454285e-04 -6.350797484628856182e-04 1.166302245110273361e-03 -1.749262772500514984e-02 1.420372486114501953e+00
3.302554250694811344e-04 1.161254942417144775e-03 -6.242087692953646183e-04 1.210305839776992798e-03 -1.736673712730407715e-02 1.411864042282104492e+00
3.295440401416271925e-04 7.111392915248870850e-04 -6.358982063829898834e-04 1.172821968793869019e-03 -1.740149036049842834e-02 1.413749933242797852e+00
3.272981557529419661e-04 9.863171726465225220e-05 -6.516459980048239231e-04 9.928764775395393372e-04 -1.738052070140838623e-02 1.403380870819091797e+00
3.286954306531697512e-04 -7.981713861227035522e-05 -6.539062596857547760e-04 7.157279178500175476e-04 -1.734269969165325165e-02 1.381731510162353516e+00
3.276134957559406757e-04 6.628325209021568298e-04 -6.368717877194285393e-04 1.034206245094537735e-03 -1.734016090631484985e-02 1.397776603698730469e+00
3.266410785727202892e-04 1.153403893113136292e-03 -6.261022645048797131e-04 1.461086794734001160e-03 -1.746733859181404114e-02 1.433269739151000977e+00
3.187305992469191551e-04 4.556560888886451721e-04 -6.488204817287623882e-04 1.499635167419910431e-03 -1.735651120543479919e-02 1.432480931282043457e+00
3.241724916733801365e-04 6.029596552252769470e-04 -6.405723979696631432e-04 1.345268450677394867e-03 -1.743784174323081970e-02 1.426802396774291992e+00
3.040450683329254389e-04 -1.045146025717258453e-03 -6.932563846930861473e-04 1.439142972230911255e-03 -1.761132851243019104e-02 1.456397533416748047e+00
2.988573978655040264e-04 -1.008349470794200897e-03 -6.959930178709328175e-04 1.627916470170021057e-03 -1.763984188437461853e-02 1.468700766563415527e+00
2.914912183769047260e-04 -2.354350872337818146e-03 -7.255374221131205559e-04 1.556309871375560760e-03 -1.747345179319381714e-02 1.461728334426879883e+00
2.991092624142765999e-04 -2.704198472201824188e-03 -7.259730482473969460e-04 1.230613794177770615e-03 -1.732633635401725769e-02 1.429776906967163086e+00
2.811994054354727268e-04 -3.538065589964389801e-03 -7.549155270680785179e-04 1.609151251614093781e-03 -1.756754890084266663e-02 1.480589985847473145e+00
2.752278232946991920e-04 -4.675765521824359894e-03 -7.795312558300793171e-04 1.145139802247285843e-03 -1.745038852095603943e-02 1.446947097778320312e+00
2.845674753189086914e-04 -3.376596607267856598e-03 -7.470489363186061382e-04 1.654483377933502197e-03 -1.768226921558380127e-02 1.496426820755004883e+00
2.947898756247013807e-04 -1.697978936135768890e-03 -7.077698828652501106e-04 1.891401596367359161e-03 -1.772166229784488678e-02 1.506887555122375488e+00
3.009502834174782038e-04 -1.391421072185039520e-03 -6.950224051252007484e-04 1.797385048121213913e-03 -1.776525378227233887e-02 1.500267744064331055e+00
3.007099439855664968e-04 -6.343210116028785706e-04 -6.783503340557217598e-04 2.108543179929256439e-03 -1.777781918644905090e-02 1.519776463508605957e+00
3.135727311018854380e-04 -8.976152166724205017e-04 -6.729294545948505402e-04 1.733327750116586685e-03 -1.770660653710365295e-02 1.490315675735473633e+00
3.122327616438269615e-04 -1.630457118153572083e-04 -6.585986120626330376e-04 2.037198282778263092e-03 -1.762256026268005371e-02 1.502450942993164062e+00
3.201530780643224716e-04 -9.942920878529548645e-04 -6.735196220688521862e-04 1.550554297864437103e-03 -1.760468631982803345e-02 1.469952583312988281e+00
3.159829066134989262e-04 -3.167940303683280945e-04 -6.584870861843228340e-04 1.937217079102993011e-03 -1.778218336403369904e-02 1.509324550628662109e+00
3.166636452078819275e-04 1.518735662102699280e-04 -6.421684520319104195e-04 2.447874285280704498e-03 -1.781263202428817749e-02 1.549315929412841797e+00
3.142574278172105551e-04 -6.338646635413169861e-04 -6.639806670136749744e-04 2.116813324391841888e-03 -1.776001229882240295e-02 1.521864056587219238e+00
3.186964022461324930e-04 4.027104005217552185e-04 -6.386952591128647327e-04 2.356573939323425293e-03 -1.779082417488098145e-02 1.533783078193664551e+00
3.210844879504293203e-04 -4.606051370501518250e-04 -6.612138822674751282e-04 1.809601671993732452e-03 -1.764382421970367432e-02 1.487434148788452148e+00
3.088708617724478245e-04 -7.321098819375038147e-04 -6.716105854138731956e-04 2.085113897919654846e-03 -1.776160113513469696e-02 1.520303010940551758e+00
3.086493816226720810e-04 2.202549949288368225e-04 -6.478150025941431522e-04 2.505999058485031128e-03 -1.794651336967945099e-02 1.558187961578369141e+00
3.035569097846746445e-04 -8.435053750872612000e-04 -6.811781204305589199e-04 1.970456913113594055e-03 -1.791340857744216919e-02 1.520654916763305664e+00
3.069930826313793659e-04 -4.917196929454803467e-05 -6.590407574549317360e-04 2.365681342780590057e-03 -1.780681684613227844e-02 1.537250876426696777e+00
3.143828653264790773e-04 9.517455473542213440e-04 -6.358093814924359322e-04 2.356730401515960693e-03 -1.783393882215023041e-02 1.529223561286926270e+00
3.162645443808287382e-04 1.040173694491386414e-03 -6.345207802951335907e-04 2.174894325435161591e-03 -1.791796647012233734e-02 1.523581385612487793e+00
3.157646278850734234e-04 1.222194172441959381e-03 -6.333567434921860695e-04 2.289093099534511566e-03 -1.800729148089885712e-02 1.534650206565856934e+00
3.059815499000251293e-04 6.797024980187416077e-04 -6.467478233389556408e-04 2.332874573767185211e-03 -1.799424365162849426e-02 1.540684700012207031e+00
3.100924077443778515e-04 1.240183599293231964e-03 -6.360303959809243679e-04 2.293734811246395111e-03 -1.798321865499019623e-02 1.532573223114013672e+00
3.095620777457952499e-04 7.724408060312271118e-04 -6.466320483013987541e-04 2.254442311823368073e-03 -1.788852736353874207e-02 1.525056600570678711e+00
3.003477468155324459e-04 4.676626995205879211e-04 -6.589519325643777847e-04 2.390723675489425659e-03 -1.807835698127746582e-02 1.550895452499389648e+00
3.044731565751135349e-04 9.602764621376991272e-04 -6.471761153079569340e-04 2.476873807609081268e-03 -1.804287359118461609e-02 1.550622820854187012e+00
2.937161480076611042e-04 -2.849902957677841187e-04 -6.851261714473366737e-04 2.083404920995235443e-03 -1.794119179248809814e-02 1.521684408187866211e+00
2.941414131782948971e-04 7.218029350042343140e-05 -6.799417897127568722e-04 2.227106131613254547e-03 -1.786379329860210419e-02 1.524470567703247070e+00
2.776276669465005398e-04 -1.392015255987644196e-03 -7.239215192385017872e-04 1.894692424684762955e-03 -1.793428324162960052e-02 1.517398595809936523e+00
3.040522278752177954e-04 1.439522951841354370e-03 -6.404832238331437111e-04 2.449622377753257751e-03 -1.802584156394004822e-02 1.543914079666137695e+00
3.159274347126483917e-04 1.701709814369678497e-03 -6.276611238718032837e-04 2.008665353059768677e-03 -1.781087741255760193e-02 1.494517683982849121e+00
3.239663201384246349e-04 2.281417138874530792e-03 -6.065680645406246185e-04 2.271538600325584412e-03 -1.789894141256809235e-02 1.516846895217895508e+00
3.287614672444760799e-04 2.415788359940052032e-03 -5.983597366139292717e-04 2.204259857535362244e-03 -1.791752502322196960e-02 1.513954043388366699e+00
3.324056742712855339e-04 2.951036207377910614e-03 -5.838165525346994400e-04 2.450519241392612457e-03 -1.797825843095779419e-02 1.530776977539062500e+00
3.312340995762497187e-04 2.390027046203613281e-03 -5.984738236293196678e-04 2.179110422730445862e-03 -1.793398521840572357e-02 1.509975194931030273e+00
3.305765858385711908e-04 2.235845662653446198e-03 -6.039135623723268509e-04 2.065636217594146729e-03 -1.779087074100971222e-02 1.492153406143188477e+00
3.346748417243361473e-04 2.062194049358367920e-03 -6.080429884605109692e-04 1.926564611494541168e-03 -1.780163124203681946e-02 1.485759496688842773e+00
3.309932653792202473e-04 1.756542362272739410e-03 -6.179363699629902840e-04 1.785840839147567749e-03 -1.782068982720375061e-02 1.477662563323974609e+00
3.334072534926235676e-04 1.852235756814479828e-03 -6.127115921117365360e-04 1.838622614741325378e-03 -1.780160889029502869e-02 1.480021238327026367e+00
3.247620188631117344e-04 1.423575915396213531e-03 -6.278232904151082039e-04 1.834591850638389587e-03 -1.775366067886352539e-02 1.479537248611450195e+00
3.124054055660963058e-04 6.090132519602775574e-04 -6.570668192580342293e-04 1.399000175297260284e-03 -1.790668815374374390e-02 1.465278029441833496e+00
3.050258674193173647e-04 2.859756350517272949e-04 -6.677047931589186192e-04 1.789067871868610382e-03 -1.804002560675144196e-02 1.504307627677917480e+00
3.091050893999636173e-04 6.045969203114509583e-04 -6.598992040380835533e-04 1.705496571958065033e-03 -1.813294366002082825e-02 1.502872705459594727e+00
3.040818264707922935e-04 3.691483289003372192e-05 -6.741053657606244087e-04 1.666499301791191101e-03 -1.805396378040313721e-02 1.498687028884887695e+00
3.052298270631581545e-04 8.972268551588058472e-04 -6.553505663760006428e-04 2.124233171343803406e-03 -1.825004816055297852e-02 1.537984013557434082e+00
2.958348195534199476e-04 4.992764443159103394e-04 -6.697130156680941582e-04 1.906035933643579483e-03 -1.816476322710514069e-02 1.519108057022094727e+00
2.950512280222028494e-04 5.816714838147163391e-04 -6.682261009700596333e-04 2.072318457067012787e-03 -1.834878511726856232e-02 1.543552398681640625e+00
2.857475774362683296e-04 -6.521027535200119019e-05 -6.943712360225617886e-04 1.752088777720928192e-03 -1.818834617733955383e-02 1.515095710754394531e+00
2.954425872303545475e-04 9.575570002198219299e-04 -6.624817033298313618e-04 2.048262394964694977e-03 -1.836258172988891602e-02 1.538998246192932129e+00
2.749208942987024784e-04 -1.049063168466091156e-03 -7.249749614857137203e-04 1.708980649709701538e-03 -1.836078427731990814e-02 1.528668403625488281e+00
2.698618627618998289e-04 -9.575681760907173157e-04 -7.261765422299504280e-04 1.403093803673982620e-03 -1.841947063803672791e-02 1.514057159423828125e+00
2.581483277026563883e-04 -1.658433116972446442e-03 -7.486249669454991817e-04 1.784893218427896500e-03 -1.847121492028236389e-02 1.548216342926025391e+00
2.799401408992707729e-04 -3.882972523570060730e-04 -7.052349392324686050e-04 1.499820966273546219e-03 -1.827986538410186768e-02 1.504963874816894531e+00
2.769744023680686951e-04 -4.283180460333824158e-04 -7.070203428156673908e-04 1.819983124732971191e-03 -1.828736439347267151e-02 1.528481721878051758e+00
2.766287070699036121e-04 -5.602752789855003357e-04 -7.151508470997214317e-04 1.459783874452114105e-03 -1.823992468416690826e-02 1.499900102615356445e+00
2.910267503466457129e-04 1.046815887093544006e-04 -6.861774600110948086e-04 1.681570895016193390e-03 -1.797892153263092041e-02 1.493978977203369141e+00
2.863329718820750713e-04 -2.959026023745536804e-04 -6.990857655182480812e-04 1.860898453742265701e-03 -1.816589012742042542e-02 1.522011995315551758e+00
2.828149590641260147e-04 -3.034640103578567505e-04 -7.028805557638406754e-04 1.741807442158460617e-03 -1.827692985534667969e-02 1.521447777748107910e+00
3.011489461641758680e-04 5.065873265266418457e-04 -6.690612062811851501e-04 1.806582789868116379e-03 -1.813748478889465332e-02 1.511811614036560059e+00
2.979213895741850138e-04 4.982622340321540833e-04 -6.707420689053833485e-04 1.861839555203914642e-03 -1.812674105167388916e-02 1.516201496124267578e+00
3.033613902516663074e-04 4.929816350340843201e-04 -6.690653972327709198e-04 1.925549004226922989e-03 -1.806059852242469788e-02 1.514752507209777832e+00
3.199771163053810596e-04 1.419977284967899323e-03 -6.337550003081560135e-04 1.810500398278236389e-03 -1.785399019718170166e-02 1.486956715583801270e+00
3.123745555058121681e-04 1.038058660924434662e-03 -6.505908677354454994e-04 1.857172697782516479e-03 -1.804590225219726562e-02 1.504502296447753906e+00
3.207476111128926277e-04 1.444108784198760986e-03 -6.318819941952824593e-04 1.562372315675020218e-03 -1.788419671356678009e-02 1.472123503684997559e+00
2.991091459989547729e-04 -8.774083107709884644e-05 -6.871227524243295193e-04 1.217143610119819641e-03 -1.793779805302619934e-02 1.459764003753662109e+00
3.067348443437367678e-04 2.293428406119346619e-04 -6.730549503117799759e-04 9.708870202302932739e-04 -1.792217791080474854e-02 1.443673133850097656e+00
2.895471407100558281e-04 8.905306458473205566e-06 -6.874151877127587795e-04 1.672889105975627899e-03 -1.819088123738765717e-02 1.509964466094970703e+00
3.044904151465743780e-04 7.741842418909072876e-04 -6.606804090552031994e-04 1.828827895224094391e-03 -1.797005161643028259e-02 1.498988389968872070e+00
2.921323757618665695e-04 6.007263436913490295e-04 -6.753794732503592968e-04 2.128678373992443085e-03 -1.784984022378921509e-02 1.511838197708129883e+00
3.006529877893626690e-04 9.364280849695205688e-04 -6.609273259527981281e-04 1.808661967515945435e-03 -1.781651936471462250e-02 1.485695362091064453e+00
2.774365711957216263e-04 8.356757462024688721e-05 -7.006783853285014629e-04 1.888285391032695770e-03 -1.798539236187934875e-02 1.506425499916076660e+00
2.751719148363918066e-04 -6.552105769515037537e-04 -7.215888472273945808e-04 1.663755625486373901e-03 -1.805607229471206665e-02 1.502056598663330078e+00
2.590063377283513546e-04 -8.742986246943473816e-04 -7.419233443215489388e-04 1.856177113950252533e-03 -1.804556138813495636e-02 1.515162944793701172e+00
2.625689085107296705e-04 -1.199462451040744781e-03 -7.409417303279042244e-04 1.753837335854768753e-03 -1.820983923971652985e-02 1.523083090782165527e+00
2.521112910471856594e-04 -2.766521647572517395e-04 -7.216949597932398319e-04 2.280883491039276123e-03 -1.844811066985130310e-02 1.570240259170532227e+00
2.599292783997952938e-04 -1.811897382140159607e-04 -7.131332531571388245e-04 2.371283248066902161e-03 -1.841849088668823242e-02 1.573529958724975586e+00
2.608634822536259890e-04 2.543544396758079529e-04 -7.062341319397091866e-04 2.693066373467445374e-03 -1.828454248607158661e-02 1.584208488464355469e+00
2.631317474879324436e-04 -3.956323489546775818e-04 -7.199086248874664307e-04 2.259258180856704712e-03 -1.835885271430015564e-02 1.564471960067749023e+00
2.850704768206924200e-04 1.195029355585575104e-03 -6.644378299824893475e-04 2.482657320797443390e-03 -1.801604777574539185e-02 1.545588374137878418e+00
2.771215513348579407e-04 -3.691902384161949158e-04 -7.058494957163929939e-04 2.251011319458484650e-03 -1.828229427337646484e-02 1.561314225196838379e+00
2.809318830259144306e-04 2.787299454212188721e-04 -6.899432046338915825e-04 2.353363670408725739e-03 -1.812332496047019958e-02 1.550605416297912598e+00
2.848420990630984306e-04 -8.925972506403923035e-04 -7.122014067135751247e-04 1.674362923949956894e-03 -1.789057627320289612e-02 1.496307611465454102e+00
2.768308040685951710e-04 5.056513473391532898e-04 -6.853989907540380955e-04 1.811178401112556458e-03 -1.811018399894237518e-02 1.511766672134399414e+00
2.833393518812954426e-04 3.438722342252731323e-05 -6.899472791701555252e-04 1.671412494033575058e-03 -1.798807829618453979e-02 1.497838258743286133e+00
2.844233240466564894e-04 -1.091603189706802368e-04 -6.999534089118242264e-04 1.678473781794309616e-03 -1.798878423869609833e-02 1.497777938842773438e+00
2.781450166366994381e-04 -1.238948665559291840e-03 -7.296914700418710709e-04 1.479664817452430725e-03 -1.821120083332061768e-02 1.504798889160156250e+00
2.785703691188246012e-04 -1.383052207529544830e-03 -7.329913205467164516e-04 1.644279807806015015e-03 -1.810324005782604218e-02 1.512146949768066406e+00
2.805689582601189613e-04 -1.389163546264171600e-03 -7.330357329919934273e-04 1.292437314987182617e-03 -1.814465969800949097e-02 1.489182472229003906e+00
2.759423514362424612e-04 -6.409818306565284729e-04 -7.189421448856592178e-04 1.522938720881938934e-03 -1.825057342648506165e-02 1.505860328674316406e+00
2.720555057749152184e-04 -1.376668922603130341e-03 -7.323286845348775387e-04 1.249903813004493713e-03 -1.831320673227310181e-02 1.504891514778137207e+00
2.701632620301097631e-04 -8.056303486227989197e-04 -7.260899874381721020e-04 1.581628806889057159e-03 -1.833064667880535126e-02 1.516897201538085938e+00
2.647044893819838762e-04 -1.186077482998371124e-03 -7.358543807640671730e-04 1.284308265894651413e-03 -1.846044510602951050e-02 1.519356489181518555e+00
2.818427747115492821e-04 2.021053805947303772e-04 -6.897404673509299755e-04 1.577376853674650192e-03 -1.826429553329944611e-02 1.505734920501708984e+00
2.797850174829363823e-04 -1.738918945193290710e-04 -6.990638794377446175e-04 1.448959577828645706e-03 -1.832794584333896637e-02 1.510027408599853516e+00
2.834437182173132896e-04 -4.027402028441429138e-04 -7.010158733464777470e-04 1.845598220825195312e-03 -1.825986988842487335e-02 1.526978254318237305e+00
2.917366218753159046e-04 7.482329383492469788e-04 -6.633076700381934643e-04 2.024958375841379166e-03 -1.844267733395099640e-02 1.542843461036682129e+00
3.124586655758321285e-04 1.525275409221649170e-03 -6.315570208244025707e-04 2.172528766095638275e-03 -1.809570379555225372e-02 1.524564981460571289e+00
3.026635095011442900e-04 9.466717019677162170e-04 -6.525126518681645393e-04 1.989176031202077866e-03 -1.816711015999317169e-02 1.521798968315124512e+00
3.105380455963313580e-04 1.957027241587638855e-03 -6.214214372448623180e-04 2.350287511944770813e-03 -1.807528361678123474e-02 1.534466981887817383e+00
3.072805993724614382e-04 1.291137188673019409e-03 -6.394797237589955330e-04 2.413997426629066467e-03 -1.808131486177444458e-02 1.547063827514648438e+00
2.884552814066410065e-04 -3.284271806478500366e-04 -6.943551125004887581e-04 2.174709923565387726e-03 -1.823981106281280518e-02 1.551798582077026367e+00
2.998201525770127773e-04 7.805386558175086975e-04 -6.594230071641504765e-04 2.294078469276428223e-03 -1.803945749998092651e-02 1.539358615875244141e+00
3.020449948962777853e-04 1.103671267628669739e-03 -6.507497746497392654e-04 2.565495669841766357e-03 -1.791617088019847870e-02 1.547674179077148438e+00
3.008070052601397038e-04 1.409778371453285217e-03 -6.436331314034759998e-04 2.789398655295372009e-03 -1.808670908212661743e-02 1.578263640403747559e+00
2.984796010423451662e-04 1.040415838360786438e-03 -6.554831052199006081e-04 2.341399900615215302e-03 -1.805104315280914307e-02 1.540561914443969727e+00
3.063941258005797863e-04 1.547778025269508362e-03 -6.384922889992594719e-04 2.507243305444717407e-03 -1.790209114551544189e-02 1.537973880767822266e+00
3.101733163930475712e-04 7.979776710271835327e-04 -6.561592454090714455e-04 2.083032391965389252e-03 -1.768148876726627350e-02 1.498303413391113281e+00
3.040789160877466202e-04 3.169756382703781128e-04 -6.704855477437376976e-04 1.912795938551425934e-03 -1.767603494226932526e-02 1.486944675445556641e+00
2.959568519145250320e-04 -6.369035691022872925e-05 -6.854643579572439194e-04 1.978327054530382156e-03 -1.777292788028717041e-02 1.502636671066284180e+00
3.000311553478240967e-04 1.001589931547641754e-03 -6.601264467462897301e-04 1.996724866330623627e-03 -1.758831553161144257e-02 1.482595920562744141e+00
3.047224017791450024e-04 9.505460038781166077e-04 -6.617959006689488888e-04 2.037413883954286575e-03 -1.769482344388961792e-02 1.493455171585083008e+00
2.983828308060765266e-04 2.189651131629943848e-04 -6.806136225350201130e-04 2.232450991868972778e-03 -1.767125353217124939e-02 1.511927485466003418e+00
3.001520526595413685e-04 1.964094117283821106e-04 -6.790953921154141426e-04 1.930906437337398529e-03 -1.768524944782257080e-02 1.491125464439392090e+00
3.012482775375247002e-04 -3.232154995203018188e-05 -6.798541871830821037e-04 2.105384133756160736e-03 -1.763256266713142395e-02 1.502822875976562500e+00
3.081800532527267933e-04 1.189131289720535278e-03 -6.530587561428546906e-04 2.023940440267324448e-03 -1.764241792261600494e-02 1.487652301788330078e+00
3.024202596861869097e-04 6.687184795737266541e-04 -6.687592831440269947e-04 2.156854607164859772e-03 -1.767247915267944336e-02 1.503010988235473633e+00
