-9.328516898676753044e-05 -1.820335863158106804e-03 -8.866688585840165615e-04 -1.502468483522534370e-03 -2.165622264146804810e-02 1.313320398330688477e+00
-1.627588644623756409e-04 -1.658413792029023170e-03 -8.548959158360958099e-04 -1.952424296177923679e-03 -2.230173349380493164e-02 1.354744195938110352e+00
-1.969157019630074501e-04 -2.152588916942477226e-03 -8.758381591178476810e-04 -1.799036050215363503e-03 -2.188079990446567535e-02 1.331237554550170898e+00
-1.627587480470538139e-04 -1.658415654674172401e-03 -8.548959158360958099e-04 -1.952423714101314545e-03 -2.230172976851463318e-02 1.354744195938110352e+00
-1.627588644623756409e-04 -1.658415189012885094e-03 -8.548959158360958099e-04 -1.952423597685992718e-03 -2.230173349380493164e-02 1.354744195938110352e+00
-1.988162985071539879e-04 -2.180091803893446922e-03 -8.770035346969962120e-04 -1.790498849004507065e-03 -2.185737155377864838e-02 1.329929113388061523e+00
-1.627586316317319870e-04 -1.658413326367735863e-03 -8.548958576284348965e-04 -1.952423248440027237e-03 -2.230173535645008087e-02 1.354744434356689453e+00
-1.908120466396212578e-04 -2.064288826659321785e-03 -8.720960468053817749e-04 -1.826443360187113285e-03 -2.195601351559162140e-02 1.335437774658203125e+00
-1.627586316317319870e-04 -1.658413326367735863e-03 -8.548958576284348965e-04 -1.952423015609383583e-03 -2.230173721909523010e-02 1.354744434356689453e+00
-1.924041425809264183e-04 -2.087320433929562569e-03 -8.730721310712397099e-04 -1.819295808672904968e-03 -2.193639613687992096e-02 1.334342241287231445e+00
-2.010217867791652679e-04 -2.211995190009474754e-03 -8.783556404523551464e-04 -1.780596561729907990e-03 -2.183019556105136871e-02 1.328411579132080078e+00
-1.627586316317319870e-04 -1.658413326367735863e-03 -8.548959158360958099e-04 -1.952423714101314545e-03 -2.230173535645008087e-02 1.354744434356689453e+00
-1.628275495022535324e-04 -1.659417059272527695e-03 -8.549384074285626411e-04 -1.952112186700105667e-03 -2.230087667703628540e-02 1.354696631431579590e+00
-1.626933226361870766e-04 -1.657176064327359200e-03 -8.547458564862608910e-04 -1.950575970113277435e-03 -2.230444364249706268e-02 1.354889512062072754e+00
-1.627588644623756409e-04 -1.658415189012885094e-03 -8.548959158360958099e-04 -1.952424412593245506e-03 -2.230173349380493164e-02 1.354744315147399902e+00
-1.504458487033843994e-04 -1.423479057848453522e-03 -8.264025673270225525e-04 -1.601759577170014381e-03 -2.282006293535232544e-02 1.382510185241699219e+00
-1.627588644623756409e-04 -1.658414257690310478e-03 -8.548959158360958099e-04 -1.952424412593245506e-03 -2.230173349380493164e-02 1.354744315147399902e+00
-1.627729507163167000e-04 -1.658619847148656845e-03 -8.549047634005546570e-04 -1.952359452843666077e-03 -2.230155840516090393e-02 1.354734539985656738e+00
-1.504354877397418022e-04 -1.423966838046908379e-03 -8.265294018201529980e-04 -1.602667849510908127e-03 -2.281452715396881104e-02 1.382223606109619141e+00
-1.627588644623756409e-04 -1.658414257690310478e-03 -8.548960322514176369e-04 -1.952423946931958199e-03 -2.230173349380493164e-02 1.354744315147399902e+00
-1.506096450611948967e-04 -1.423955196514725685e-03 -8.261978509835898876e-04 -1.601770753040909767e-03 -2.283625118434429169e-02 1.383339166641235352e+00
-1.627588644623756409e-04 -1.658414257690310478e-03 -8.548959158360958099e-04 -1.952423946931958199e-03 -2.230173349380493164e-02 1.354744315147399902e+00
-1.627581659704446793e-04 -1.658405410125851631e-03 -8.548950427211821079e-04 -1.952411024831235409e-03 -2.230175212025642395e-02 1.354745388031005859e+00
-1.627588644623756409e-04 -1.658413792029023170e-03 -8.548959158360958099e-04 -1.952424296177923679e-03 -2.230173349380493164e-02 1.354744195938110352e+00
-1.627588644623756409e-04 -1.658415189012885094e-03 -8.548960322514176369e-04 -1.952424412593245506e-03 -2.230173349380493164e-02 1.354744315147399902e+00
-1.627588644623756409e-04 -1.658413792029023170e-03 -8.548957994207739830e-04 -1.952424063347280025e-03 -2.230173349380493164e-02 1.354744315147399902e+00
-1.627588644623756409e-04 -1.658415189012885094e-03 -8.548959158360958099e-04 -1.952424412593245506e-03 -2.230173349380493164e-02 1.354744315147399902e+00
-1.514914911240339279e-04 -1.444095745682716370e-03 -8.289690595120191574e-04 -1.632707659155130386e-03 -2.277022413909435272e-02 1.379850149154663086e+00
-1.627588644623756409e-04 -1.658415189012885094e-03 -8.548959158360958099e-04 -1.952424179762601852e-03 -2.230173349380493164e-02 1.354744315147399902e+00
-1.634316286072134972e-04 -1.668154494836926460e-03 -8.553085499443113804e-04 -1.949400990270078182e-03 -2.229343727231025696e-02 1.354280948638916016e+00
-1.625488512217998505e-04 -1.654424937441945076e-03 -8.544133161194622517e-04 -1.946471980772912502e-03 -2.231045439839363098e-02 1.355211734771728516e+00
-1.627610763534903526e-04 -1.658452441915869713e-03 -8.548977784812450409e-04 -1.952411839738488197e-03 -2.230170369148254395e-02 1.354742527008056641e+00
-1.627061283215880394e-04 -1.657413085922598839e-03 -8.547746692784130573e-04 -1.950929756276309490e-03 -2.230392396450042725e-02 1.354861736297607422e+00
-1.630119513720273972e-04 -1.662079710513353348e-03 -8.550512720830738544e-04 -1.951286569237709045e-03 -2.229861170053482056e-02 1.354570031166076660e+00
-1.619062386453151703e-04 -1.642193179577589035e-03 -8.529335027560591698e-04 -1.928224926814436913e-03 -2.233719453215599060e-02 1.356644511222839355e+00
-1.628722529858350754e-04 -1.660060370340943336e-03 -8.549655904062092304e-04 -1.951912650838494301e-03 -2.230033092200756073e-02 1.354665994644165039e+00
-1.627588644623756409e-04 -1.658415189012885094e-03 -8.548959158360958099e-04 -1.952423946931958199e-03 -2.230173349380493164e-02 1.354744315147399902e+00
-1.504393294453620911e-04 -1.424086512997746468e-03 -8.265490760095417500e-04 -1.602858770638704300e-03 -2.281392551958560944e-02 1.382192015647888184e+00
-1.627582823857665062e-04 -1.658410765230655670e-03 -8.548952755518257618e-04 -1.952417776919901371e-03 -2.230174094438552856e-02 1.354744672775268555e+00
-1.504444517195224762e-04 -1.424173125997185707e-03 -8.265586802735924721e-04 -1.602985430508852005e-03 -2.281379327178001404e-02 1.382184863090515137e+00
-1.627587480470538139e-04 -1.658415189012885094e-03 -8.548959158360958099e-04 -1.952423946931958199e-03 -2.230173535645008087e-02 1.354744434356689453e+00
-1.627588644623756409e-04 -1.658413792029023170e-03 -8.548959158360958099e-04 -1.952424296177923679e-03 -2.230173349380493164e-02 1.354744195938110352e+00
-1.514869509264826775e-04 -1.444011460989713669e-03 -8.289591060020029545e-04 -1.632583094760775566e-03 -2.277039922773838043e-02 1.379859447479248047e+00
-1.627583988010883331e-04 -1.658411696553230286e-03 -8.548956830054521561e-04 -1.952419755980372429e-03 -2.230173908174037933e-02 1.354744672775268555e+00
-1.503992825746536255e-04 -1.423362409695982933e-03 -8.264643256552517414e-04 -1.601801719516515732e-03 -2.281542122364044189e-02 1.382272481918334961e+00
-1.622264971956610680e-04 -1.648291246965527534e-03 -8.536711102351546288e-04 -1.937321387231349945e-03 -2.232386171817779541e-02 1.355930089950561523e+00
-1.627588644623756409e-04 -1.658414257690310478e-03 -8.548959158360958099e-04 -1.952423946931958199e-03 -2.230173349380493164e-02 1.354744315147399902e+00
-1.537051284685730934e-04 -1.486205961555242538e-03 -8.340639178641140461e-04 -1.695527229458093643e-03 -2.267813123762607574e-02 1.374915003776550293e+00
-1.627583988010883331e-04 -1.658409135416150093e-03 -8.548951591365039349e-04 -1.952414168044924736e-03 -2.230174653232097626e-02 1.354745149612426758e+00
-1.507966080680489540e-04 -1.430889824405312538e-03 -8.273727144114673138e-04 -1.613010885193943977e-03 -2.279901504516601562e-02 1.381392955780029297e+00
-1.627588644623756409e-04 -1.658414257690310478e-03 -8.548959158360958099e-04 -1.952424179762601852e-03 -2.230173349380493164e-02 1.354744315147399902e+00
-1.504993997514247894e-04 -1.425238093361258507e-03 -8.266899385489523411e-04 -1.604594290256500244e-03 -2.281132712960243225e-02 1.382052898406982422e+00
-1.625979784876108170e-04 -1.655358355492353439e-03 -8.545261225663125515e-04 -1.947864657267928123e-03 -2.230841293931007385e-02 1.355102300643920898e+00
-1.627588644623756409e-04 -1.658414257690310478e-03 -8.548957994207739830e-04 -1.952424296177923679e-03 -2.230173535645008087e-02 1.354744315147399902e+00
-1.461148494854569435e-04 -1.353868981823325157e-03 -8.225218043662607670e-04 -1.547952648252248764e-03 -2.281253598630428314e-02 1.382400035858154297e+00
-1.627588644623756409e-04 -1.658415189012885094e-03 -8.548959158360958099e-04 -1.952424412593245506e-03 -2.230173349380493164e-02 1.354744315147399902e+00
-1.487037516199052334e-04 -1.401075860485434532e-03 -8.253445266745984554e-04 -1.584747340530157089e-03 -2.281530946493148804e-02 1.382353425025939941e+00
-1.610629260540008545e-04 -1.626161625608801842e-03 -8.509942563250660896e-04 -1.904309843666851521e-03 -2.237222716212272644e-02 1.358521938323974609e+00
-1.553859328851103783e-04 -1.518176868557929993e-03 -8.379318169318139553e-04 -1.743223285302519798e-03 -2.260823920369148254e-02 1.371169567108154297e+00
-1.503913663327693939e-04 -1.423288136720657349e-03 -8.264601929113268852e-04 -1.601732335984706879e-03 -2.281550318002700806e-02 1.382277011871337891e+00
-1.505746040493249893e-04 -1.426668837666511536e-03 -8.268620003946125507e-04 -1.606713281944394112e-03 -2.280824258923530579e-02 1.381887674331665039e+00
-1.504231477156281471e-04 -1.423784531652927399e-03 -8.265131618827581406e-04 -1.602412201464176178e-03 -2.281454578042030334e-02 1.382225275039672852e+00
-1.505836844444274902e-04 -1.426840433850884438e-03 -8.268828969448804855e-04 -1.606969628483057022e-03 -2.280786819756031036e-02 1.381867647171020508e+00
-1.627588644623756409e-04 -1.658414257690310478e-03 -8.548959158360958099e-04 -1.952424412593245506e-03 -2.230173349380493164e-02 1.354744315147399902e+00
-1.611212501302361488e-04 -1.627272227779030800e-03 -8.511285413987934589e-04 -1.905966782942414284e-03 -2.236979827284812927e-02 1.358391880989074707e+00
-1.627637539058923721e-04 -1.658486202359199524e-03 -8.548988262191414833e-04 -1.952401828020811081e-03 -2.230167202651500702e-02 1.354740858078002930e+00
-1.627583988010883331e-04 -1.658410299569368362e-03 -8.548953919671475887e-04 -1.952416729182004929e-03 -2.230174466967582703e-02 1.354744911193847656e+00
-1.627590972930192947e-04 -1.658422639593482018e-03 -8.548962650820612907e-04 -1.952422317117452621e-03 -2.230172604322433472e-02 1.354743957519531250e+00
-1.504137180745601654e-04 -1.423613866791129112e-03 -8.264933712780475616e-04 -1.602167030796408653e-03 -2.281488664448261261e-02 1.382243633270263672e+00
-1.627587480470538139e-04 -1.658418215811252594e-03 -8.548960322514176369e-04 -1.952422433532774448e-03 -2.230172976851463318e-02 1.354744195938110352e+00
-1.627629389986395836e-04 -1.658480614423751831e-03 -8.548988844268023968e-04 -1.952403807081282139e-03 -2.230167761445045471e-02 1.354741096496582031e+00
-1.338047441095113754e-04 -1.152688637375831604e-03 -8.111070492304861546e-04 -1.392437843605875969e-03 -2.280221879482269287e-02 1.382668852806091309e+00
-1.627586316317319870e-04 -1.658417051658034325e-03 -8.548959740437567234e-04 -1.952423714101314545e-03 -2.230172976851463318e-02 1.354744195938110352e+00
-1.627588644623756409e-04 -1.658416120335459709e-03 -8.548959158360958099e-04 -1.952423481270670891e-03 -2.230173349380493164e-02 1.354744195938110352e+00
-1.627588644623756409e-04 -1.658413792029023170e-03 -8.548959158360958099e-04 -1.952424296177923679e-03 -2.230173535645008087e-02 1.354744195938110352e+00
-1.627561869099736214e-04 -1.658393302932381630e-03 -8.548952173441648483e-04 -1.952413469552993774e-03 -2.230172976851463318e-02 1.354744195938110352e+00
-1.572646433487534523e-04 -1.553913811221718788e-03 -8.422546670772135258e-04 -1.796533586457371712e-03 -2.253013104200363159e-02 1.366983890533447266e+00
-1.627588644623756409e-04 -1.658413792029023170e-03 -8.548957994207739830e-04 -1.952424412593245506e-03 -2.230173349380493164e-02 1.354744315147399902e+00
-1.627126475796103477e-04 -1.657642191275954247e-03 -8.548411424271762371e-04 -1.951704034581780434e-03 -2.230207622051239014e-02 1.354765057563781738e+00
-1.622234703972935677e-04 -1.654861262068152428e-03 -8.548854384571313858e-04 -1.952152815647423267e-03 -2.230066061019897461e-02 1.354662179946899414e+00
-1.626665471121668816e-04 -1.657199580222368240e-03 -8.548372425138950348e-04 -1.951619400642812252e-03 -2.230162918567657471e-02 1.354741454124450684e+00
-1.366474898532032967e-04 -1.199240563437342644e-03 -8.138501434586942196e-04 -1.429598778486251831e-03 -2.280088886618614197e-02 1.382414340972900391e+00
-1.633411739021539688e-04 -1.666895113885402679e-03 -8.552548824809491634e-04 -1.949768280610442162e-03 -2.229455858469009399e-02 1.354343652725219727e+00
-1.626303419470787048e-04 -1.656263368204236031e-03 -8.547466131858527660e-04 -1.950454665347933769e-03 -2.230258285999298096e-02 1.354796767234802246e+00
-1.654664520174264908e-04 -1.697611296549439430e-03 -8.565568714402616024e-04 -1.940246438607573509e-03 -2.226836793124675751e-02 1.352880954742431641e+00
-1.627547899261116982e-04 -1.658343011513352394e-03 -8.548873593099415302e-04 -1.952318008989095688e-03 -2.230188995599746704e-02 1.354752540588378906e+00
-1.656644744798541069e-04 -1.700466265901923180e-03 -8.566778269596397877e-04 -1.939368783496320248e-03 -2.226592041552066803e-02 1.352744340896606445e+00
-1.614586217328906059e-04 -1.649535493925213814e-03 -8.548471960239112377e-04 -1.951457699760794640e-03 -2.229916304349899292e-02 1.354549527168273926e+00
-1.627550227567553520e-04 -1.658348832279443741e-03 -8.548878831788897514e-04 -1.952325343154370785e-03 -2.230187878012657166e-02 1.354752063751220703e+00
5.466793663799762726e-05 4.565020790323615074e-04 -7.580039091408252716e-04 -1.187038375064730644e-03 -2.257715538144111633e-02 1.370888471603393555e+00
-1.497685443609952927e-04 -1.414610771462321281e-03 -8.266679942607879639e-04 -1.602865755558013916e-03 -2.279061079025268555e-02 1.381023049354553223e+00
-1.627475721761584282e-04 -1.658240100368857384e-03 -8.548860787414014339e-04 -1.952290302142500877e-03 -2.230172604322433472e-02 1.354744672775268555e+00
-1.627380261197686195e-04 -1.658089691773056984e-03 -8.548778132535517216e-04 -1.952177844941616058e-03 -2.230171486735343933e-02 1.354744672775268555e+00
-4.873145371675491333e-05 -2.837558276951313019e-04 -7.761709275655448437e-04 -7.417243905365467072e-04 -2.283090911805629730e-02 1.387432336807250977e+00
-5.806231638416647911e-05 -3.573074936866760254e-04 -7.781568565405905247e-04 -7.950898725539445877e-04 -2.282345853745937347e-02 1.386782884597778320e+00
-1.079533249139785767e-04 -7.656761445105075836e-04 -7.900322671048343182e-04 -1.093613216653466225e-03 -2.279103174805641174e-02 1.383620977401733398e+00
-1.436749589629471302e-04 -1.346326665952801704e-03 -8.368393755517899990e-04 -1.707129529677331448e-03 -2.229863591492176056e-02 1.355829000473022461e+00
-1.627621240913867950e-04 -1.658467110246419907e-03 -8.548981859348714352e-04 -1.952407183125615120e-03 -2.230168879032135010e-02 1.354741811752319336e+00
-1.627501333132386208e-04 -1.658262452110648155e-03 -8.548775222152471542e-04 -1.952198566868901253e-03 -2.230206131935119629e-02 1.354762077331542969e+00
-1.627643359825015068e-04 -1.658498309552669525e-03 -8.548995247110724449e-04 -1.952397986315190792e-03 -2.230166085064411163e-02 1.354740381240844727e+00
-1.627588644623756409e-04 -1.658413792029023170e-03 -8.548957994207739830e-04 -1.952424296177923679e-03 -2.230173349380493164e-02 1.354744195938110352e+00
-1.627588644623756409e-04 -1.658415189012885094e-03 -8.548958576284348965e-04 -1.952423481270670891e-03 -2.230172976851463318e-02 1.354744195938110352e+00
-1.627588644623756409e-04 -1.658415189012885094e-03 -8.548960322514176369e-04 -1.952424179762601852e-03 -2.230173349380493164e-02 1.354744315147399902e+00
-1.627635210752487183e-04 -1.658485038205981255e-03 -8.548990008421242237e-04 -1.952402177266776562e-03 -2.230167388916015625e-02 1.354740977287292480e+00
-1.947456039488315582e-04 -2.121237805113196373e-03 -8.745090453885495663e-04 -1.808749046176671982e-03 -2.190754562616348267e-02 1.332730770111083984e+00
-1.627594465389847755e-04 -1.658426364883780479e-03 -8.548963814973831177e-04 -1.952420221641659737e-03 -2.230172231793403625e-02 1.354743719100952148e+00
-1.627914607524871826e-04 -1.658890629187226295e-03 -8.549160556867718697e-04 -1.952276099473237991e-03 -2.230132743716239929e-02 1.354721784591674805e+00
-1.627588644623756409e-04 -1.658413792029023170e-03 -8.548957994207739830e-04 -1.952424296177923679e-03 -2.230173349380493164e-02 1.354744195938110352e+00
-1.627923920750617981e-04 -1.658906228840351105e-03 -8.549167541787028313e-04 -1.952271210029721260e-03 -2.230131626129150391e-02 1.354721069335937500e+00
-1.627923920750617981e-04 -1.658906228840351105e-03 -8.549167541787028313e-04 -1.952271210029721260e-03 -2.230131626129150391e-02 1.354721069335937500e+00
-1.621445408090949059e-04 -1.646999502554535866e-03 -8.536172681488096714e-04 -1.936537795700132847e-03 -2.232312783598899841e-02 1.355897426605224609e+00
-1.627588644623756409e-04 -1.658415189012885094e-03 -8.548959158360958099e-04 -1.952424179762601852e-03 -2.230173349380493164e-02 1.354744315147399902e+00
-1.627453602850437164e-04 -1.658167690038681030e-03 -8.548671612516045570e-04 -1.952070277184247971e-03 -2.230222895741462708e-02 1.354770898818969727e+00
-1.627586316317319870e-04 -1.658418215811252594e-03 -8.548960322514176369e-04 -1.952422899194061756e-03 -2.230172976851463318e-02 1.354744195938110352e+00
-1.627587480470538139e-04 -1.658415189012885094e-03 -8.548959158360958099e-04 -1.952424412593245506e-03 -2.230173349380493164e-02 1.354744195938110352e+00
-1.627234742045402527e-04 -1.657748129218816757e-03 -8.548151818104088306e-04 -1.951430924236774445e-03 -2.230319008231163025e-02 1.354822397232055664e+00
-1.628760946914553642e-04 -1.660116249695420265e-03 -8.549681515432894230e-04 -1.951896352693438530e-03 -2.230028435587882996e-02 1.354663491249084473e+00
-1.535809133201837540e-04 -1.483849016949534416e-03 -8.337786421179771423e-04 -1.692009856924414635e-03 -2.268328703939914703e-02 1.375191330909729004e+00
-1.627681776881217957e-04 -1.658551394939422607e-03 -8.549016783945262432e-04 -1.952383085153996944e-03 -2.230161614716053009e-02 1.354737758636474609e+00
-1.626474549993872643e-04 -1.656307140365242958e-03 -8.546408498659729958e-04 -1.949280034750699997e-03 -2.230634167790412903e-02 1.354991197586059570e+00
-1.627610763534903526e-04 -1.658449415117502213e-03 -8.548974292352795601e-04 -1.952413003891706467e-03 -2.230170369148254395e-02 1.354742646217346191e+00
-1.627665478736162186e-04 -1.658531138673424721e-03 -8.549009799025952816e-04 -1.952388091012835503e-03 -2.230163663625717163e-02 1.354738831520080566e+00
-1.627588644623756409e-04 -1.658413792029023170e-03 -8.548957994207739830e-04 -1.952424296177923679e-03 -2.230173349380493164e-02 1.354744195938110352e+00
-2.016294747591018677e-04 -2.220822731032967567e-03 -8.787293918430805206e-04 -1.777841825969517231e-03 -2.182270959019660950e-02 1.327993392944335938e+00
-1.627580495551228523e-04 -1.658407272771000862e-03 -8.548951009288430214e-04 -1.952413003891706467e-03 -2.230175025761127472e-02 1.354745149612426758e+00
-1.898658229038119316e-04 -2.050601644441485405e-03 -8.715159492567181587e-04 -1.830689143389463425e-03 -2.196767739951610565e-02 1.336089134216308594e+00
-2.001236425712704659e-04 -2.199048409238457680e-03 -8.778063347563147545e-04 -1.784595893695950508e-03 -2.184126712381839752e-02 1.329029560089111328e+00
-1.627586316317319870e-04 -1.658413792029023170e-03 -8.548959158360958099e-04 -1.952423946931958199e-03 -2.230173349380493164e-02 1.354744434356689453e+00
-1.627588644623756409e-04 -1.658413792029023170e-03 -8.548959158360958099e-04 -1.952424296177923679e-03 -2.230173535645008087e-02 1.354744195938110352e+00
-1.627583988010883331e-04 -1.658410299569368362e-03 -8.548953919671475887e-04 -1.952416729182004929e-03 -2.230174466967582703e-02 1.354744911193847656e+00
-1.627923920750617981e-04 -1.658906228840351105e-03 -8.549167541787028313e-04 -1.952271210029721260e-03 -2.230131626129150391e-02 1.354721069335937500e+00
-1.627582823857665062e-04 -1.658404478803277016e-03 -8.548947516828775406e-04 -1.952408812940120697e-03 -2.230175584554672241e-02 1.354745507240295410e+00
-1.627926249057054520e-04 -1.658906228840351105e-03 -8.549166959710419178e-04 -1.952271210029721260e-03 -2.230131626129150391e-02 1.354721069335937500e+00
-1.634083455428481102e-04 -1.667843665927648544e-03 -8.552953368052840233e-04 -1.949485158547759056e-03 -2.229372598230838776e-02 1.354297161102294922e+00
-1.627588644623756409e-04 -1.658413792029023170e-03 -8.548957994207739830e-04 -1.952424296177923679e-03 -2.230173349380493164e-02 1.354744195938110352e+00
-1.677597174420952797e-04 -1.730839489027857780e-03 -8.579645073041319847e-04 -1.929912599734961987e-03 -2.224010601639747620e-02 1.351302623748779297e+00
-1.627587480470538139e-04 -1.658414723351597786e-03 -8.548959158360958099e-04 -1.952423946931958199e-03 -2.230173535645008087e-02 1.354744315147399902e+00
-1.670644851401448250e-04 -1.720709959045052528e-03 -8.575359825044870377e-04 -1.933087594807147980e-03 -2.224867418408393860e-02 1.351781010627746582e+00
-1.628363970667123795e-04 -1.659539062529802322e-03 -8.549437043257057667e-04 -1.952074235305190086e-03 -2.230077609419822693e-02 1.354690790176391602e+00
-1.627581659704446793e-04 -1.658409833908081055e-03 -8.548953919671475887e-04 -1.952417427673935890e-03 -2.230174280703067780e-02 1.354744911193847656e+00
-1.627621240913867950e-04 -1.658467110246419907e-03 -8.548981859348714352e-04 -1.952407415956258774e-03 -2.230168879032135010e-02 1.354741811752319336e+00
-1.627583988010883331e-04 -1.658410299569368362e-03 -8.548953919671475887e-04 -1.952416729182004929e-03 -2.230174466967582703e-02 1.354744911193847656e+00
-1.628014724701642990e-04 -1.659034285694360733e-03 -8.549222839064896107e-04 -1.952231861650943756e-03 -2.230120450258255005e-02 1.354714870452880859e+00
-1.516552874818444252e-04 -1.447220565751194954e-03 -8.293481660075485706e-04 -1.637372537516057491e-03 -2.276332303881645203e-02 1.379480361938476562e+00
-1.627604942768812180e-04 -1.658440800383687019e-03 -8.548970217816531658e-04 -1.952415099367499352e-03 -2.230171114206314087e-02 1.354743003845214844e+00
-1.676056999713182449e-04 -1.728638308122754097e-03 -8.578714332543313503e-04 -1.930593978613615036e-03 -2.224199473857879639e-02 1.351408004760742188e+00
-1.627309247851371765e-04 -1.657941611483693123e-03 -8.548602345399558544e-04 -1.951959333382546902e-03 -2.230202406644821167e-02 1.354761004447937012e+00
-1.627341844141483307e-04 -1.658064313232898712e-03 -8.548776968382298946e-04 -1.952175982296466827e-03 -2.230170927941799164e-02 1.354744076728820801e+00
-1.501492224633693695e-04 -1.419450622051954269e-03 -8.263080380856990814e-04 -1.599502749741077423e-03 -2.281296625733375549e-02 1.382160902023315430e+00
-1.627587480470538139e-04 -1.658413792029023170e-03 -8.548958576284348965e-04 -1.952423946931958199e-03 -2.230173535645008087e-02 1.354744315147399902e+00
-1.627637539058923721e-04 -1.658492954447865486e-03 -8.548992918804287910e-04 -1.952399499714374542e-03 -2.230166643857955933e-02 1.354740619659423828e+00
-1.627061283215880394e-04 -1.657417044043540955e-03 -8.547751349397003651e-04 -1.950935577042400837e-03 -2.230391278862953186e-02 1.354861140251159668e+00
-1.627617748454213142e-04 -1.658461987972259521e-03 -8.548978948965668678e-04 -1.952409045770764351e-03 -2.230169251561164856e-02 1.354742050170898438e+00
-1.623115967959165573e-04 -1.649910118430852890e-03 -8.538669790141284466e-04 -1.939736539497971535e-03 -2.232032269239425659e-02 1.355740308761596680e+00
-1.627601450309157372e-04 -1.658433349803090096e-03 -8.548967307433485985e-04 -1.952418242581188679e-03 -2.230171672999858856e-02 1.354743242263793945e+00
-1.627587480470538139e-04 -1.658416120335459709e-03 -8.548959158360958099e-04 -1.952423481270670891e-03 -2.230173349380493164e-02 1.354744195938110352e+00
-1.510342117398977280e-04 -1.435410231351852417e-03 -8.279192261397838593e-04 -1.619753078557550907e-03 -2.278913930058479309e-02 1.380863904953002930e+00
-1.626735320314764977e-04 -1.656794687733054161e-03 -8.547001052647829056e-04 -1.950008561834692955e-03 -2.230527251958847046e-02 1.354933977127075195e+00
-1.565582351759076118e-04 -1.540484139695763588e-03 -8.406300912611186504e-04 -1.776500837877392769e-03 -2.255948446691036224e-02 1.368556857109069824e+00
-1.518437638878822327e-04 -1.450808951631188393e-03 -8.297821041196584702e-04 -1.642723917029798031e-03 -2.275548316538333893e-02 1.379060268402099609e+00
-1.598631497472524643e-04 -1.603338168933987617e-03 -8.482334669679403305e-04 -1.870262436568737030e-03 -2.242210879921913147e-02 1.361195206642150879e+00
-1.627465244382619858e-04 -1.658181659877300262e-03 -8.548676851205527782e-04 -1.952075399458408356e-03 -2.230224385857582092e-02 1.354771614074707031e+00
-1.627588644623756409e-04 -1.658415189012885094e-03 -8.548960322514176369e-04 -1.952424412593245506e-03 -2.230173349380493164e-02 1.354744315147399902e+00
-1.504389801993966103e-04 -1.424085814505815506e-03 -8.265496580861508846e-04 -1.602859701961278915e-03 -2.281389199197292328e-02 1.382190227508544922e+00
-1.505765831097960472e-04 -1.426707021892070770e-03 -8.268665987998247147e-04 -1.606770558282732964e-03 -2.280815877020359039e-02 1.381883144378662109e+00
-1.504113897681236267e-04 -1.423342619091272354e-03 -8.264360367320477962e-04 -1.601710449904203415e-03 -2.281724102795124054e-02 1.382365942001342773e+00
-1.582091208547353745e-04 -1.571881119161844254e-03 -8.444280829280614853e-04 -1.823335420340299606e-03 -2.249086275696754456e-02 1.364879727363586426e+00
-1.627457095310091972e-04 -1.658172346651554108e-03 -8.548665209673345089e-04 -1.952061895281076431e-03 -2.230226248502731323e-02 1.354772686958312988e+00
-1.627368619665503502e-04 -1.658003078773617744e-03 -8.548460318706929684e-04 -1.951808808371424675e-03 -2.230263128876686096e-02 1.354792594909667969e+00
-1.625475706532597542e-04 -1.654403749853372574e-03 -8.544107549823820591e-04 -1.946441596373915672e-03 -2.231049910187721252e-02 1.355213999748229980e+00
-1.504810061305761337e-04 -1.424882095307111740e-03 -8.266451186500489712e-04 -1.604045508429408073e-03 -2.281219139695167542e-02 1.382099151611328125e+00
-1.505797263234853745e-04 -1.426768489181995392e-03 -8.268739911727607250e-04 -1.606862060725688934e-03 -2.280802652239799500e-02 1.381875991821289062e+00
-1.625921577215194702e-04 -1.655245432630181313e-03 -8.545126765966415405e-04 -1.947696320712566376e-03 -2.230865880846977234e-02 1.355115413665771484e+00
-1.512394519522786140e-04 -1.439309213310480118e-03 -8.283901843242347240e-04 -1.625567441806197166e-03 -2.278066426515579224e-02 1.380409717559814453e+00
-1.551108434796333313e-04 -1.512948889285326004e-03 -8.372992160730063915e-04 -1.735423342324793339e-03 -2.261967398226261139e-02 1.371782541275024414e+00
-1.504526007920503616e-04 -1.423887209966778755e-03 -8.264802163466811180e-04 -1.602441305294632912e-03 -2.281732112169265747e-02 1.382367372512817383e+00
-1.603441778570413589e-04 -1.612494001165032387e-03 -8.493408095091581345e-04 -1.883921446278691292e-03 -2.240210026502609253e-02 1.360122919082641602e+00
-1.627480378374457359e-04 -1.658214954659342766e-03 -8.548715850338339806e-04 -1.952125690877437592e-03 -2.230216935276985168e-02 1.354767680168151855e+00
-1.514960313215851784e-04 -1.443052897229790688e-03 -8.287305245175957680e-04 -1.630852464586496353e-03 -2.277988940477371216e-02 1.380351543426513672e+00
-1.525185070931911469e-04 -1.463611610233783722e-03 -8.313282160088419914e-04 -1.661816961131989956e-03 -2.272769249975681305e-02 1.377570629119873047e+00
-1.504443353042006493e-04 -1.423394074663519859e-03 -8.263863273896276951e-04 -1.601625233888626099e-03 -2.282069437205791473e-02 1.382543087005615234e+00
-1.623567659407854080e-04 -1.650769496336579323e-03 -8.539709378965198994e-04 -1.941018737852573395e-03 -2.231844328343868256e-02 1.355639815330505371e+00
-1.504175597801804543e-04 -1.423397567123174667e-03 -8.264377247542142868e-04 -1.601760042831301689e-03 -2.281727455556392670e-02 1.382367372512817383e+00
-1.509174471721053123e-04 -1.433189259842038155e-03 -8.276507724076509476e-04 -1.616438967175781727e-03 -2.279399707913398743e-02 1.381124138832092285e+00
-1.620817929506301880e-04 -1.645543612539768219e-03 -8.533389191143214703e-04 -1.933223800733685493e-03 -2.232986502349376678e-02 1.356251716613769531e+00
-1.504179090261459351e-04 -1.423395704478025436e-03 -8.264374337159097195e-04 -1.601756550371646881e-03 -2.281730808317661285e-02 1.382369041442871094e+00
-1.504172105342149734e-04 -1.423385459929704666e-03 -8.264359785243868828e-04 -1.601739088073372841e-03 -2.281732484698295593e-02 1.382369995117187500e+00
-1.519930083304643631e-04 -1.424369169399142265e-03 -8.236623834818601608e-04 -1.595712034031748772e-03 -2.300692535936832428e-02 1.392100811004638672e+00
-1.550993183627724648e-04 -1.427268376573920250e-03 -8.184487232938408852e-04 -1.585082150995731354e-03 -2.336527779698371887e-02 1.410488843917846680e+00
-1.610345207154750824e-04 -1.432180870324373245e-03 -8.083204738795757294e-04 -1.563952537253499031e-03 -2.406011335551738739e-02 1.446145176887512207e+00
-5.016248906031250954e-05 -5.267695523798465729e-04 -7.820704486221075058e-04 -9.009728673845529556e-04 -2.413759194314479828e-02 1.453465104103088379e+00
-7.534935139119625092e-05 -7.324623875319957733e-04 -7.880290504544973373e-04 -1.052180770784616470e-03 -2.411825582385063171e-02 1.451695919036865234e+00
-2.551660872995853424e-05 -1.115908380597829819e-04 -7.699010893702507019e-04 -7.252264767885208130e-04 -2.509135752916336060e-02 1.509365677833557129e+00
7.328344509005546570e-07 5.245489301159977913e-04 -7.410404505208134651e-04 -6.074558477848768234e-04 -2.535005658864974976e-02 1.524977684020996094e+00
-1.511094160377979279e-05 -2.198514994233846664e-04 -7.723023300059139729e-04 -3.545247018337249756e-04 -2.530597522854804993e-02 1.523678183555603027e+00
-1.564325066283345222e-05 -2.085391897708177567e-04 -7.721260772086679935e-04 -3.803030122071504593e-04 -2.530870400369167328e-02 1.523700118064880371e+00
-1.124286791309714317e-05 -1.118937507271766663e-04 -7.671950152143836021e-04 -3.478084690868854523e-04 -2.530837059020996094e-02 1.523866415023803711e+00
-1.532188616693019867e-05 -2.235432621091604233e-04 -7.725130417384207249e-04 -3.571766428649425507e-04 -2.530613169074058533e-02 1.523672580718994141e+00
-1.537147909402847290e-05 -2.239586319774389267e-04 -7.725252653472125530e-04 -3.574681468307971954e-04 -2.530610002577304840e-02 1.523669481277465820e+00
-1.593970227986574173e-05 -2.285991795361042023e-04 -7.726594340056180954e-04 -3.608574625104665756e-04 -2.530572749674320221e-02 1.523633241653442383e+00
-1.531624002382159233e-05 -2.235069405287504196e-04 -7.725126342847943306e-04 -3.571130800992250443e-04 -2.530614472925662994e-02 1.523673534393310547e+00
-2.582406159490346909e-05 -3.093034029006958008e-04 -7.749968790449202061e-04 -4.198772367089986801e-04 -2.529923804104328156e-02 1.523004174232482910e+00
-1.555209746584296227e-05 -2.254361752420663834e-04 -7.725678151473402977e-04 -3.585424274206161499e-04 -2.530598267912864685e-02 1.523658037185668945e+00
-1.739436993375420570e-05 -2.404763363301753998e-04 -7.730037323199212551e-04 -3.695441409945487976e-04 -2.530477195978164673e-02 1.523540735244750977e+00
-1.244339509867131710e-04 -1.114431535825133324e-03 -7.983131217770278454e-04 -1.008671242743730545e-03 -2.523447573184967041e-02 1.516727209091186523e+00
-1.607136800885200500e-05 -2.296715974807739258e-04 -7.726909243501722813e-04 -3.616439644247293472e-04 -2.530563995242118835e-02 1.523624897003173828e+00
-1.576857175678014755e-05 -2.271847333759069443e-04 -7.726181647740304470e-04 -3.598285838961601257e-04 -2.530583739280700684e-02 1.523644208908081055e+00
-1.541792880743741989e-05 -2.243178896605968475e-04 -7.725353352725505829e-04 -3.577549941837787628e-04 -2.530607208609580994e-02 1.523666501045227051e+00
-1.551897730678319931e-05 -2.251639962196350098e-04 -7.725601899437606335e-04 -3.583466168493032455e-04 -2.530600316822528839e-02 1.523659944534301758e+00
-1.739221625030040741e-05 -2.404586412012577057e-04 -7.730029756203293800e-04 -3.695318009704351425e-04 -2.530477195978164673e-02 1.523540854454040527e+00
-1.364800846204161644e-05 9.106402285397052765e-05 -7.611675537191331387e-04 -6.040004082024097443e-04 -2.533773146569728851e-02 1.524226665496826172e+00
9.049428626894950867e-06 6.705292034894227982e-04 -7.329715299420058727e-04 -5.118567496538162231e-04 -2.534523978829383850e-02 1.525227189064025879e+00
1.236033858731389046e-05 7.249689660966396332e-04 -7.298848358914256096e-04 -4.703709855675697327e-04 -2.534291148185729980e-02 1.525320291519165039e+00
1.364288618788123131e-05 7.445618975907564163e-04 -7.287400076165795326e-04 -4.529063589870929718e-04 -2.534182742238044739e-02 1.525353431701660156e+00
1.368304947391152382e-05 7.452946156263351440e-04 -7.287000189535319805e-04 -4.524691030383110046e-04 -2.534180879592895508e-02 1.525354623794555664e+00
1.361768227070569992e-05 7.453751750290393829e-04 -7.287217886187136173e-04 -4.543638788163661957e-04 -2.534198760986328125e-02 1.525354862213134766e+00
2.263963688164949417e-05 3.963138442486524582e-04 -7.372692343778908253e-04 1.224791631102561951e-04 -2.527885884046554565e-02 1.524730205535888672e+00
1.362798502668738365e-05 7.456529419869184494e-04 -7.287083426490426064e-04 -4.543378017842769623e-04 -2.534199133515357971e-02 1.525355339050292969e+00
1.442251959815621376e-05 7.168274605646729469e-04 -7.293960661627352238e-04 -4.053278826177120209e-04 -2.533665299415588379e-02 1.525303840637207031e+00
2.210214734077453613e-05 3.873477689921855927e-04 -7.377748843282461166e-04 1.158649101853370667e-04 -2.527922391891479492e-02 1.524714708328247070e+00
1.355016138404607773e-05 7.441662019118666649e-04 -7.287877961061894894e-04 -4.551159217953681946e-04 -2.534202113747596741e-02 1.525352835655212402e+00
1.366919605061411858e-05 7.464759983122348785e-04 -7.286649779416620731e-04 -4.539589863270521164e-04 -2.534198015928268433e-02 1.525356769561767578e+00
1.365167554467916489e-05 7.461735513061285019e-04 -7.286819745786488056e-04 -4.541673697531223297e-04 -2.534199506044387817e-02 1.525356411933898926e+00
1.359812449663877487e-05 7.446696981787681580e-04 -7.287528133019804955e-04 -4.542409442365169525e-04 -2.534195408225059509e-02 1.525353670120239258e+00
1.294451067224144936e-05 6.921350723132491112e-04 -7.322827586904168129e-04 -4.955697804689407349e-04 -2.542556449770927429e-02 1.529623031616210938e+00
1.354661071673035622e-05 7.443642243742942810e-04 -7.287826156243681908e-04 -4.554085899144411087e-04 -2.534205839037895203e-02 1.525353193283081055e+00
8.693430572748184204e-06 6.650248542428016663e-04 -7.332913228310644627e-04 -5.165950860828161240e-04 -2.534553781151771545e-02 1.525218248367309570e+00
-1.436681486666202545e-05 2.891140757128596306e-04 -7.546750712208449841e-04 -8.079770486801862717e-04 -2.536222524940967560e-02 1.524582624435424805e+00
2.082728315144777298e-06 1.566314604133367538e-04 -7.530859438702464104e-04 -2.269009128212928772e-04 -2.530460432171821594e-02 1.524327278137207031e+00
-2.363754902034997940e-05 1.375849824398756027e-04 -7.632903871126472950e-04 -9.253346361219882965e-04 -2.536883950233459473e-02 1.524320721626281738e+00
-1.534109469503164291e-05 -2.237083390355110168e-04 -7.725181058049201965e-04 -3.572867717593908310e-04 -2.530612051486968994e-02 1.523671388626098633e+00
-1.535448245704174042e-05 -2.238203305751085281e-04 -7.725211908109486103e-04 -3.573657013475894928e-04 -2.530610933899879456e-02 1.523670554161071777e+00
-2.374849282205104828e-05 1.325209159404039383e-04 -7.635066285729408264e-04 -9.236184414476156235e-04 -2.536884695291519165e-02 1.524328470230102539e+00
-1.553120091557502747e-05 -2.252666745334863663e-04 -7.725633913651108742e-04 -3.584069199860095978e-04 -2.530599944293498993e-02 1.523659467697143555e+00
-1.559604424983263016e-05 -2.264434006065130234e-04 -7.726679905317723751e-04 -3.558627795428037643e-04 -2.530676312744617462e-02 1.523715496063232422e+00
-1.536891795694828033e-05 -2.240282483398914337e-04 -7.725353352725505829e-04 -3.570939879864454269e-04 -2.530619129538536072e-02 1.523676514625549316e+00
-1.546979183331131935e-05 -2.247618976980447769e-04 -7.725484902039170265e-04 -3.580541815608739853e-04 -2.530603483319282532e-02 1.523663282394409180e+00
-1.559639349579811096e-05 -2.258294261991977692e-04 -7.725824834778904915e-04 -3.586679231375455856e-04 -2.530598640441894531e-02 1.523657798767089844e+00
-3.713561454787850380e-05 -4.016598686575889587e-04 -7.776715210638940334e-04 -4.874106962233781815e-04 -2.529181167483329773e-02 1.522284269332885742e+00
-1.693936064839363098e-05 -1.582512632012367249e-04 -7.708927732892334461e-04 -4.632682539522647858e-04 -2.531778812408447266e-02 1.523790121078491211e+00
-1.533341128379106522e-05 -2.235472202301025391e-04 -7.725094328634440899e-04 -3.572213463485240936e-04 -2.530611865222454071e-02 1.523671627044677734e+00
-7.876660674810409546e-07 1.632911153137683868e-04 -7.539250655099749565e-04 -3.130626864731311798e-04 -2.531277388334274292e-02 1.524341821670532227e+00
-1.535436604171991348e-05 2.579966094344854355e-04 -7.566298590973019600e-04 -8.313951548188924789e-04 -2.539256587624549866e-02 1.526087760925292969e+00
-1.529732253402471542e-05 -1.931227743625640869e-04 -7.714718813076615334e-04 -3.850313369184732437e-04 -2.530957013368606567e-02 1.523726940155029297e+00
-2.405513077974319458e-05 1.301500014960765839e-04 -7.637011003680527210e-04 -9.302883408963680267e-04 -2.536905743181705475e-02 1.524305939674377441e+00
9.824056178331375122e-06 6.827074103057384491e-04 -7.322684978134930134e-04 -5.016205832362174988e-04 -2.534463070333003998e-02 1.525247931480407715e+00
1.357909059152007103e-05 7.447777315974235535e-04 -7.287563639692962170e-04 -4.548802971839904785e-04 -2.534201741218566895e-02 1.525353908538818359e+00
7.183523848652839661e-06 6.405881140381097794e-04 -7.346855709329247475e-04 -5.358704365789890289e-04 -2.534665167331695557e-02 1.525176882743835449e+00
-1.509411958977580070e-05 -2.192521933466196060e-04 -7.722834125161170959e-04 -3.548688255250453949e-04 -2.530604228377342224e-02 1.523680210113525391e+00
-2.412020694464445114e-05 1.286244951188564301e-04 -7.637774688191711903e-04 -9.307032451033592224e-04 -2.536904811859130859e-02 1.524302959442138672e+00
-1.544889528304338455e-05 -2.099657431244850159e-04 -7.721024448983371258e-04 -3.735544160008430481e-04 -2.530803903937339783e-02 1.523697376251220703e+00
-1.698790583759546280e-05 2.419578377157449722e-04 -7.572624017484486103e-04 -8.376927580684423447e-04 -2.536356449127197266e-02 1.524495840072631836e+00
8.165952749550342560e-07 5.366029217839241028e-04 -7.405980722978711128e-04 -6.163488142192363739e-04 -2.535121887922286987e-02 1.524998903274536133e+00
-1.460057683289051056e-05 -2.019042149186134338e-04 -7.715123938396573067e-04 -3.574357833713293076e-04 -2.530676871538162231e-02 1.523710727691650391e+00
-1.263490412384271622e-05 3.162934444844722748e-04 -7.531099836342036724e-04 -7.857235614210367203e-04 -2.536080777645111084e-02 1.524622917175292969e+00
5.837646313011646271e-06 5.553604569286108017e-04 -7.380926981568336487e-04 -4.939674399793148041e-04 -2.534039504826068878e-02 1.525027036666870117e+00
1.291546504944562912e-05 6.896427366882562637e-04 -7.308830972760915756e-04 -4.219773691147565842e-04 -2.533744089305400848e-02 1.525257110595703125e+00
1.382443588227033615e-05 7.368302904069423676e-04 -7.289362256415188313e-04 -4.406338557600975037e-04 -2.534047886729240417e-02 1.525339603424072266e+00
2.231122925877571106e-05 4.022737266495823860e-04 -7.371916435658931732e-04 1.076529733836650848e-04 -2.528040669858455658e-02 1.524741411209106445e+00
1.367880031466484070e-08 5.230500828474760056e-04 -7.413583807647228241e-04 -6.260601803660392761e-04 -2.535174414515495300e-02 1.524975895881652832e+00
1.214822987094521523e-05 6.328534800559282303e-04 -7.331048254854977131e-04 -3.904066979885101318e-04 -2.533294446766376495e-02 1.525157928466796875e+00
-5.778856575489044189e-06 4.285180475562810898e-04 -7.467317627742886543e-04 -6.989603862166404724e-04 -2.535593137145042419e-02 1.524817466735839844e+00
-1.447269460186362267e-05 -2.015549689531326294e-04 -7.714526727795600891e-04 -3.541926853358745575e-04 -2.530647814273834229e-02 1.523711204528808594e+00
-1.955131301656365395e-05 1.990026794373989105e-04 -7.596798241138458252e-04 -8.690606337040662766e-04 -2.536528185009956360e-02 1.524422526359558105e+00
-1.441751373931765556e-05 2.879424719139933586e-04 -7.547389832325279713e-04 -8.089316543191671371e-04 -2.536217868328094482e-02 1.524574756622314453e+00
-1.527532003819942474e-05 -2.210102975368499756e-04 -7.724137394689023495e-04 -3.583836369216442108e-04 -2.530632540583610535e-02 1.523677587509155273e+00
-2.138275885954499245e-05 1.721445005387067795e-04 -7.612761692143976688e-04 -8.950349874794483185e-04 -2.536694705486297607e-02 1.524377107620239258e+00
-1.534295734018087387e-05 -2.237218432128429413e-04 -7.725183386355638504e-04 -3.572998102754354477e-04 -2.530612051486968994e-02 1.523671388626098633e+00
-1.532444730401039124e-05 -2.235660795122385025e-04 -7.725139148533344269e-04 -3.571948036551475525e-04 -2.530613541603088379e-02 1.523672580718994141e+00
-2.450204920023679733e-05 1.230910420417785645e-04 -7.641064585186541080e-04 -9.358758106827735901e-04 -2.536950632929801941e-02 1.524301052093505859e+00
